# Version 1.0
# tree entry: B-Field (Ms)_Abs (Y)

           -0.6   8.1180215E-07
          -0.59   2.2961448E-04
          -0.58   4.5841668E-04
          -0.57   6.8721885E-04
          -0.56   9.1602106E-04
          -0.55   1.1448234E-03
          -0.54   1.3736256E-03
          -0.53   1.6024291E-03
          -0.52   1.8312313E-03
          -0.51   2.0600336E-03
           -0.5   2.2888358E-03
          -0.49   2.5176380E-03
          -0.48   2.7464409E-03
          -0.47   2.9752431E-03
          -0.46   3.2040454E-03
          -0.45   3.4328483E-03
          -0.44   3.6616505E-03
          -0.43   3.8904527E-03
          -0.42   4.1080276E-03
          -0.41   4.3185828E-03
           -0.4   4.5291386E-03
          -0.39   4.7396943E-03
          -0.38   4.9502496E-03
          -0.37   5.1608053E-03
          -0.36   5.3713606E-03
          -0.35   5.5819168E-03
          -0.34   5.7924720E-03
          -0.33   6.0030273E-03
          -0.32   6.2135835E-03
          -0.31   6.4241388E-03
           -0.3   6.6346945E-03
          -0.29   6.8452503E-03
          -0.28   7.0558060E-03
          -0.27   7.2663613E-03
          -0.26   7.4606841E-03
          -0.25   7.6471022E-03
          -0.24   7.8335209E-03
          -0.23   8.0199391E-03
          -0.22   8.2063572E-03
          -0.21   8.3927764E-03
           -0.2   8.5791945E-03
          -0.19   8.7656127E-03
          -0.18   8.9520309E-03
          -0.17   9.1224285E-03
          -0.16   9.2883501E-03
          -0.15   9.4542727E-03
          -0.14   9.6201943E-03
          -0.13   9.7861169E-03
          -0.12   9.9520385E-03
          -0.11   1.0117961E-02
           -0.1   1.0283884E-02
          -0.09   1.0449805E-02
          -0.08   1.0595318E-02
          -0.07   1.0738330E-02
 -6.0000000E-02   1.0881342E-02
 -5.0000000E-02   1.1024353E-02
 -4.0000000E-02   1.1167365E-02
 -3.0000000E-02   1.1310377E-02
          -0.02   1.1453388E-02
          -0.01   1.1596400E-02
              0   1.1739412E-02
           0.01   1.1857952E-02
           0.02   1.1976491E-02
           0.03   1.2095030E-02
           0.04   1.2213570E-02
           0.05   1.2332110E-02
  6.0000000E-02   1.2450648E-02
  7.0000000E-02   1.2569188E-02
  8.0000000E-02   1.2687728E-02
  9.0000000E-02   1.2804736E-02
            0.1   1.2898100E-02
           0.11   1.2991462E-02
           0.12   1.3084825E-02
           0.13   1.3178188E-02
           0.14   1.3271552E-02
           0.15   1.3364914E-02
           0.16   1.3458277E-02
           0.17   1.3551640E-02
           0.18   1.3641967E-02
           0.19   1.3710367E-02
            0.2   1.3778768E-02
           0.21   1.3847168E-02
           0.22   1.3915568E-02
           0.23   1.3983967E-02
           0.24   1.4052367E-02
           0.25   1.4120767E-02
           0.26   1.4189167E-02
           0.27   1.4251410E-02
           0.28   1.4286052E-02
           0.29   1.4320695E-02
            0.3   1.4355338E-02
           0.31   1.4389981E-02
           0.32   1.4424623E-02
           0.33   1.4459266E-02
           0.34   1.4493909E-02
           0.35   1.4528551E-02
           0.36   1.4563194E-02
           0.37   1.4597837E-02
           0.38   1.4632479E-02
           0.39   1.4667123E-02
            0.4   1.4701765E-02
           0.41   1.4736408E-02
           0.42   1.4771051E-02
           0.43   1.4805693E-02
           0.44   1.4804394E-02
           0.45   1.4800225E-02
           0.46   1.4796057E-02
           0.47   1.4791889E-02
           0.48   1.4787721E-02
           0.49   1.4783552E-02
            0.5   1.4779383E-02
           0.51   1.4775215E-02
           0.52   1.4771047E-02
           0.53   1.4766878E-02
           0.54   1.4762710E-02
           0.55   1.4758541E-02
           0.56   1.4754374E-02
           0.57   1.4750205E-02
           0.58   1.4746036E-02
           0.59   1.4741868E-02
            0.6   1.4737699E-02
           0.61   1.4722789E-02
           0.62   1.4688101E-02
           0.63   1.4653414E-02
           0.64   1.4618726E-02
           0.65   1.4584038E-02
           0.66   1.4549350E-02
           0.67   1.4514663E-02
           0.68   1.4479976E-02
           0.69   1.4445288E-02
            0.7   1.4410601E-02
           0.71   1.4375914E-02
           0.72   1.4341226E-02
           0.73   1.4306539E-02
           0.74   1.4271851E-02
           0.75   1.4237164E-02
           0.76   1.4202476E-02
           0.77   1.4167788E-02
           0.78   1.4133101E-02
           0.79   1.4082588E-02
            0.8   1.4027558E-02
           0.81   1.3972527E-02
           0.82   1.3917497E-02
           0.83   1.3862466E-02
           0.84   1.3807436E-02
           0.85   1.3752406E-02
           0.86   1.3697376E-02
           0.87   1.3642346E-02
           0.88   1.3587315E-02
           0.89   1.3532285E-02
            0.9   1.3477254E-02
           0.91   1.3422224E-02
           0.92   1.3367193E-02
           0.93   1.3312163E-02
           0.94   1.3257132E-02
           0.95   1.3202102E-02
           0.96   1.3144752E-02
           0.97   1.3078339E-02
           0.98   1.3011928E-02
           0.99   1.2945516E-02
              1   1.2879104E-02
           1.01   1.2812693E-02
           1.02   1.2746281E-02
           1.03   1.2679869E-02
           1.04   1.2613458E-02
           1.05   1.2547046E-02
           1.06   1.2480634E-02
           1.07   1.2414222E-02
           1.08   1.2347810E-02
           1.09   1.2281399E-02
            1.1   1.2214987E-02
           1.11   1.2148576E-02
           1.12   1.2082163E-02
           1.13   1.2015752E-02
           1.14   1.1946611E-02
           1.15   1.1875865E-02
           1.16   1.1805119E-02
           1.17   1.1734374E-02
           1.18   1.1663628E-02
           1.19   1.1592881E-02
            1.2   1.1522135E-02
           1.21   1.1451390E-02
           1.22   1.1380644E-02
           1.23   1.1309898E-02
           1.24   1.1239151E-02
           1.25   1.1168406E-02
           1.26   1.1097660E-02
           1.27   1.1026914E-02
           1.28   1.0956168E-02
           1.29   1.0885423E-02
            1.3   1.0814677E-02
           1.31   1.0743966E-02
           1.32   1.0673853E-02
           1.33   1.0603739E-02
           1.34   1.0533626E-02
           1.35   1.0463513E-02
           1.36   1.0393400E-02
           1.37   1.0323287E-02
           1.38   1.0253173E-02
           1.39   1.0183061E-02
            1.4   1.0112947E-02
           1.41   1.0042834E-02
           1.42   9.9727213E-03
           1.43   9.9026076E-03
           1.44   9.8324940E-03
           1.45   9.7623803E-03
           1.46   9.6922675E-03
           1.47   9.6221548E-03
           1.48   9.5520411E-03
           1.49   9.4837556E-03
            1.5   9.4174361E-03
           1.51   9.3511175E-03
           1.52   9.2847981E-03
           1.53   9.2184786E-03
           1.54   9.1521600E-03
           1.55   9.0858405E-03
           1.56   9.0195220E-03
           1.57   8.9532016E-03
           1.58   8.8868830E-03
           1.59   8.8205636E-03
            1.6   8.7542441E-03
           1.61   8.6879255E-03
           1.62   8.6216060E-03
           1.63   8.5552866E-03
           1.64   8.4889680E-03
           1.65   8.4226485E-03
           1.66   8.3563300E-03
           1.67   8.2950247E-03
           1.68   8.2342317E-03
           1.69   8.1734378E-03
            1.7   8.1126438E-03
           1.71   8.0518508E-03
           1.72   7.9910569E-03
           1.73   7.9302639E-03
           1.74   7.8694699E-03
           1.75   7.8086765E-03
           1.76   7.7478830E-03
           1.77   7.6870895E-03
           1.78   7.6262960E-03
           1.79   7.5655025E-03
            1.8   7.5047091E-03
           1.81   7.4439156E-03
           1.82   7.3831212E-03
           1.83   7.3223282E-03
           1.84   7.2636353E-03
           1.85   7.2091427E-03
           1.86   7.1546496E-03
           1.87   7.1001570E-03
           1.88   7.0456644E-03
           1.89   6.9911717E-03
            1.9   6.9366787E-03
           1.91   6.8821860E-03
           1.92   6.8276934E-03
           1.93   6.7732004E-03
           1.94   6.7187073E-03
           1.95   6.6642147E-03
           1.96   6.6097216E-03
           1.97   6.5552290E-03
           1.98   6.5007363E-03
           1.99   6.4462433E-03
              2   6.3917506E-03
           2.01   6.3372580E-03
           2.02   6.2876088E-03
           2.03   6.2394948E-03
           2.04   6.1913803E-03
           2.05   6.1432663E-03
           2.06   6.0951523E-03
           2.07   6.0470379E-03
           2.08   5.9989239E-03
           2.09   5.9508099E-03
            2.1   5.9026955E-03
           2.11   5.8545815E-03
           2.12   5.8064675E-03
           2.13   5.7583521E-03
           2.14   5.7102377E-03
           2.15   5.6621237E-03
           2.16   5.6140097E-03
           2.17   5.5658952E-03
           2.18   5.5177812E-03
           2.19   5.4707904E-03
            2.2   5.4287384E-03
           2.21   5.3866869E-03
           2.22   5.3446353E-03
           2.23   5.3025838E-03
           2.24   5.2605323E-03
           2.25   5.2184802E-03
           2.26   5.1764287E-03
           2.27   5.1343772E-03
           2.28   5.0923256E-03
           2.29   5.0502736E-03
            2.3   5.0082221E-03
           2.31   4.9661705E-03
           2.32   4.9241190E-03
           2.33   4.8820674E-03
           2.34   4.8400154E-03
           2.35   4.7979639E-03
           2.36   4.7559123E-03
           2.37   4.7172648E-03
           2.38   4.6807826E-03
           2.39   4.6443008E-03
            2.4   4.6078195E-03
           2.41   4.5713377E-03
           2.42   4.5348564E-03
           2.43   4.4983746E-03
           2.44   4.4618933E-03
           2.45   4.4254116E-03
           2.46   4.3889298E-03
           2.47   4.3524485E-03
           2.48   4.3159667E-03
           2.49   4.2794854E-03
            2.5   4.2430037E-03
           2.51   4.2065224E-03
           2.52   4.1700406E-03
           2.53   4.1335588E-03
           2.54   4.0972615E-03
           2.55   4.0657367E-03
           2.56   4.0342119E-03
           2.57   4.0026871E-03
           2.58   3.9711623E-03
           2.59   3.9396374E-03
            2.6   3.9081126E-03
           2.61   3.8765878E-03
           2.62   3.8450630E-03
           2.63   3.8135375E-03
           2.64   3.7820127E-03
           2.65   3.7504879E-03
           2.66   3.7189631E-03
           2.67   3.6874383E-03
           2.68   3.6559135E-03
           2.69   3.6243887E-03
            2.7   3.5928639E-03
           2.71   3.5613391E-03
           2.72   3.5318178E-03
           2.73   3.5046197E-03
           2.74   3.4774216E-03
           2.75   3.4502235E-03
           2.76   3.4230254E-03
           2.77   3.3958273E-03
           2.78   3.3686291E-03
           2.79   3.3414310E-03
            2.8   3.3142329E-03
           2.81   3.2870348E-03
           2.82   3.2598367E-03
           2.83   3.2326386E-03
           2.84   3.2054405E-03
           2.85   3.1782424E-03
           2.86   3.1510443E-03
           2.87   3.1238461E-03
           2.88   3.0966473E-03
           2.89   3.0694492E-03
            2.9   3.0455862E-03
           2.91   3.0221397E-03
           2.92   2.9986931E-03
           2.93   2.9752466E-03
           2.94   2.9518001E-03
           2.95   2.9283536E-03
           2.96   2.9049071E-03
           2.97   2.8814606E-03
           2.98   2.8580141E-03
           2.99   2.8345676E-03
              3   2.8111211E-03
           3.01   2.7876745E-03
           3.02   2.7642280E-03
           3.03   2.7407815E-03
           3.04   2.7173350E-03
           3.05   2.6938885E-03
           3.06   2.6704420E-03
           3.07   2.6480043E-03
           3.08   2.6277620E-03
           3.09   2.6075197E-03
            3.1   2.5872772E-03
           3.11   2.5670349E-03
           3.12   2.5467926E-03
           3.13   2.5265499E-03
           3.14   2.5063073E-03
           3.15   2.4860650E-03
           3.16   2.4658227E-03
           3.17   2.4455804E-03
           3.18   2.4253379E-03
           3.19   2.4050956E-03
            3.2   2.3848533E-03
           3.21   2.3646108E-03
           3.22   2.3443685E-03
           3.23   2.3241262E-03
           3.24   2.3038839E-03
           3.25   2.2856551E-03
           3.26   2.2681311E-03
           3.27   2.2506069E-03
           3.28   2.2330829E-03
           3.29   2.2155587E-03
            3.3   2.1980347E-03
           3.31   2.1805104E-03
           3.32   2.1629864E-03
           3.33   2.1454622E-03
           3.34   2.1279382E-03
           3.35   2.1104140E-03
           3.36   2.0928900E-03
           3.37   2.0753657E-03
           3.38   2.0578413E-03
           3.39   2.0403173E-03
            3.4   2.0227931E-03
           3.41   2.0052691E-03
           3.42   1.9881290E-03
           3.43   1.9729079E-03
           3.44   1.9576871E-03
           3.45   1.9424661E-03
           3.46   1.9272452E-03
           3.47   1.9120242E-03
           3.48   1.8968034E-03
           3.49   1.8815824E-03
            3.5   1.8663615E-03
           3.51   1.8511405E-03
           3.52   1.8359197E-03
           3.53   1.8206987E-03
           3.54   1.8054778E-03
           3.55   1.7902568E-03
           3.56   1.7750359E-03
           3.57   1.7598150E-03
           3.58   1.7445941E-03
           3.59   1.7293731E-03
            3.6   1.7152982E-03
           3.61   1.7020110E-03
           3.62   1.6887238E-03
           3.63   1.6754363E-03
           3.64   1.6621490E-03
           3.65   1.6488618E-03
           3.66   1.6355745E-03
           3.67   1.6222873E-03
           3.68   1.6090001E-03
           3.69   1.5957128E-03
            3.7   1.5824257E-03
           3.71   1.5691384E-03
           3.72   1.5558512E-03
           3.73   1.5425640E-03
           3.74   1.5292767E-03
           3.75   1.5159895E-03
           3.76   1.5027022E-03
           3.77   1.4894450E-03
           3.78   1.4777711E-03
           3.79   1.4660973E-03
            3.8   1.4544234E-03
           3.81   1.4427495E-03
           3.82   1.4310757E-03
           3.83   1.4194018E-03
           3.84   1.4077281E-03
           3.85   1.3960542E-03
           3.86   1.3843803E-03
           3.87   1.3727065E-03
           3.88   1.3610324E-03
           3.89   1.3493585E-03
            3.9   1.3376846E-03
           3.91   1.3260108E-03
           3.92   1.3143369E-03
           3.93   1.3026630E-03
           3.94   1.2909892E-03
           3.95   1.2799134E-03
           3.96   1.2695850E-03
           3.97   1.2592565E-03
           3.98   1.2489281E-03
           3.99   1.2385997E-03
              4   1.2282713E-03
           4.01   1.2179426E-03
           4.02   1.2076144E-03
           4.03   1.1972857E-03
           4.04   1.1869576E-03
           4.05   1.1766290E-03
           4.06   1.1663007E-03
           4.07   1.1559721E-03
           4.08   1.1456439E-03
           4.09   1.1353153E-03
            4.1   1.1249871E-03
           4.11   1.1146584E-03
           4.12   1.1043303E-03
           4.13   1.0949646E-03
           4.14   1.0857428E-03
           4.15   1.0765205E-03
           4.16   1.0672987E-03
           4.17   1.0580765E-03
           4.18   1.0488547E-03
           4.19   1.0396325E-03
            4.2   1.0304106E-03
           4.21   1.0211885E-03
           4.22   1.0119666E-03
           4.23   1.0027443E-03
           4.24   9.9352258E-04
           4.25   9.8430028E-04
           4.26   9.7507809E-04
           4.27   9.6585625E-04
           4.28   9.5663400E-04
           4.29   9.4741222E-04
            4.3   9.3845482E-04
           4.31   9.3012664E-04
           4.32   9.2179806E-04
           4.33   9.1346994E-04
           4.34   9.0514135E-04
           4.35   8.9681318E-04
           4.36   8.8848465E-04
           4.37   8.8015647E-04
           4.38   8.7182794E-04
           4.39   8.6349977E-04
            4.4   8.5517118E-04
           4.41   8.4684300E-04
           4.42   8.3851448E-04
           4.43   8.3018630E-04
           4.44   8.2185777E-04
           4.45   8.1352960E-04
           4.46   8.0520101E-04
           4.47   7.9687289E-04
           4.48   7.8906125E-04
           4.49   7.8144873E-04
            4.5   7.7383593E-04
           4.51   7.6622307E-04
           4.52   7.5861055E-04
           4.53   7.5099775E-04
           4.54   7.4338523E-04
           4.55   7.3577243E-04
           4.56   7.2815991E-04
           4.57   7.2054705E-04
           4.58   7.1293459E-04
           4.59   7.0532173E-04
            4.6   6.9770927E-04
           4.61   6.9009641E-04
           4.62   6.8248395E-04
           4.63   6.7487109E-04
           4.64   6.6725863E-04
           4.65   6.5972796E-04
           4.66   6.5267045E-04
           4.67   6.4561260E-04
           4.68   6.3855504E-04
           4.69   6.3149718E-04
            4.7   6.2443962E-04
           4.71   6.1738177E-04
           4.72   6.1032426E-04
           4.73   6.0326635E-04
           4.74   5.9620885E-04
           4.75   5.8915094E-04
           4.76   5.8209308E-04
           4.77   5.7503558E-04
           4.78   5.6797767E-04
           4.79   5.6092016E-04
            4.8   5.5386231E-04
           4.81   5.4680475E-04
           4.82   5.3974689E-04
           4.83   5.3292478E-04
           4.84   5.2627700E-04
           4.85   5.1962957E-04
           4.86   5.1298185E-04
           4.87   5.0633442E-04
           4.88   4.9968663E-04
           4.89   4.9303920E-04
            4.9   4.8639145E-04
           4.91   4.7974402E-04
           4.92   4.7309627E-04
           4.93   4.6644881E-04
           4.94   4.5980106E-04
           4.95   4.5315363E-04
           4.96   4.4650587E-04
           4.97   4.3985841E-04
           4.98   4.3321069E-04
           4.99   4.2656323E-04
              5   4.1991548E-04
