# Version 1.0
# tree entry: B-Field (Ms)_Abs (Y)

              0   7.2124079E-02
           0.01   7.1105138E-02
           0.02   7.0086196E-02
           0.03   6.9067255E-02
           0.04   6.8048313E-02
           0.05   6.7029372E-02
           0.06   6.6010438E-02
           0.07   6.4991497E-02
           0.08   6.3972555E-02
           0.09   6.2953614E-02
            0.1   6.1934673E-02
           0.11   6.0915732E-02
           0.12   5.9896790E-02
           0.13   5.8877849E-02
           0.14   5.7858908E-02
           0.15   5.7136410E-02
           0.16   5.6441278E-02
           0.17   5.5746142E-02
           0.18   5.5051007E-02
           0.19   5.4355871E-02
            0.2   5.3660736E-02
           0.21   5.2965604E-02
           0.22   5.2270468E-02
           0.23   5.1575333E-02
           0.24   5.0880198E-02
           0.25   5.0185062E-02
           0.26   4.9489930E-02
           0.27   4.8794795E-02
           0.28   4.8099660E-02
           0.29   4.7610797E-02
            0.3   4.7163893E-02
           0.31   4.6716985E-02
           0.32   4.6270080E-02
           0.33   4.5823172E-02
           0.34   4.5376264E-02
           0.35   4.4929359E-02
           0.36   4.4482451E-02
           0.37   4.4035547E-02
           0.38   4.3588639E-02
           0.39   4.3141734E-02
            0.4   4.2694826E-02
           0.41   4.2247922E-02
           0.42   4.1801013E-02
           0.43   4.1489561E-02
           0.44   4.1224115E-02
           0.45   4.0958666E-02
           0.46   4.0693217E-02
           0.47   4.0427771E-02
           0.48   4.0162322E-02
           0.49   3.9896876E-02
            0.5   3.9631427E-02
           0.51   3.9365978E-02
           0.52   3.9100532E-02
           0.53   3.8835087E-02
           0.54   3.8569638E-02
           0.55   3.8304188E-02
           0.56   3.8038739E-02
           0.57   3.7856256E-02
           0.58   3.7716137E-02
           0.59   3.7576014E-02
            0.6   3.7435891E-02
           0.61   3.7295772E-02
           0.62   3.7155649E-02
           0.63   3.7015529E-02
           0.64   3.6875406E-02
           0.65   3.6735287E-02
           0.66   3.6595164E-02
           0.67   3.6455045E-02
           0.68   3.6314922E-02
           0.69   3.6174803E-02
            0.7   3.6034680E-02
           0.71   3.5941537E-02
           0.72   3.5882767E-02
           0.73   3.5823996E-02
           0.74   3.5765222E-02
           0.75   3.5706452E-02
           0.76   3.5647682E-02
           0.77   3.5588912E-02
           0.78   3.5530141E-02
           0.79   3.5471371E-02
            0.8   3.5412601E-02
           0.81   3.5353831E-02
           0.82   3.5295057E-02
           0.83   3.5236286E-02
           0.84   3.5177516E-02
           0.85   3.5142368E-02
           0.86   3.5131516E-02
           0.87   3.5120669E-02
           0.88   3.5109817E-02
           0.89   3.5098965E-02
            0.9   3.5088114E-02
           0.91   3.5077262E-02
           0.92   3.5066414E-02
           0.93   3.5055562E-02
           0.94   3.5044711E-02
           0.95   3.5033859E-02
           0.96   3.5023011E-02
           0.97   3.5012160E-02
           0.98   3.5001308E-02
           0.99   3.4999971E-02
              1   3.5012417E-02
           1.01   3.5024863E-02
           1.02   3.5037306E-02
           1.03   3.5049752E-02
           1.04   3.5062195E-02
           1.05   3.5074641E-02
           1.06   3.5087084E-02
           1.07   3.5099530E-02
           1.08   3.5111973E-02
           1.09   3.5124419E-02
            1.1   3.5136861E-02
           1.11   3.5149308E-02
           1.12   3.5161754E-02
           1.13   3.5176547E-02
           1.14   3.5196243E-02
           1.15   3.5215938E-02
           1.16   3.5235630E-02
           1.17   3.5255325E-02
           1.18   3.5275021E-02
           1.19   3.5294717E-02
            1.2   3.5314412E-02
           1.21   3.5334108E-02
           1.22   3.5353803E-02
           1.23   3.5373499E-02
           1.24   3.5393194E-02
           1.25   3.5412890E-02
           1.26   3.5432586E-02
           1.27   3.5451719E-02
           1.28   3.5469064E-02
           1.29   3.5486409E-02
            1.3   3.5503754E-02
           1.31   3.5521099E-02
           1.32   3.5538444E-02
           1.33   3.5555789E-02
           1.34   3.5573134E-02
           1.35   3.5590479E-02
           1.36   3.5607824E-02
           1.37   3.5625165E-02
           1.38   3.5642511E-02
           1.39   3.5659856E-02
            1.4   3.5677201E-02
           1.41   3.5693234E-02
           1.42   3.5702105E-02
           1.43   3.5710979E-02
           1.44   3.5719849E-02
           1.45   3.5728719E-02
           1.46   3.5737593E-02
           1.47   3.5746464E-02
           1.48   3.5755334E-02
           1.49   3.5764208E-02
            1.5   3.5773079E-02
           1.51   3.5781949E-02
           1.52   3.5790823E-02
           1.53   3.5799694E-02
           1.54   3.5808564E-02
           1.55   3.5816563E-02
           1.56   3.5813017E-02
           1.57   3.5809474E-02
           1.58   3.5805927E-02
           1.59   3.5802381E-02
            1.6   3.5798838E-02
           1.61   3.5795292E-02
           1.62   3.5791745E-02
           1.63   3.5788203E-02
           1.64   3.5784656E-02
           1.65   3.5781110E-02
           1.66   3.5777563E-02
           1.67   3.5774020E-02
           1.68   3.5770474E-02
           1.69   3.5766928E-02
            1.7   3.5750208E-02
           1.71   3.5733299E-02
           1.72   3.5716389E-02
           1.73   3.5699483E-02
           1.74   3.5682574E-02
           1.75   3.5665665E-02
           1.76   3.5648755E-02
           1.77   3.5631846E-02
           1.78   3.5614940E-02
           1.79   3.5598031E-02
            1.8   3.5581121E-02
           1.81   3.5564212E-02
           1.82   3.5547303E-02
           1.83   3.5530393E-02
           1.84   3.5502234E-02
           1.85   3.5472841E-02
           1.86   3.5443448E-02
           1.87   3.5414056E-02
           1.88   3.5384663E-02
           1.89   3.5355271E-02
            1.9   3.5325878E-02
           1.91   3.5296485E-02
           1.92   3.5267093E-02
           1.93   3.5237700E-02
           1.94   3.5208307E-02
           1.95   3.5178915E-02
           1.96   3.5149526E-02
           1.97   3.5120133E-02
           1.98   3.5081457E-02
           1.99   3.5040706E-02
              2   3.4999955E-02
           2.01   3.4959200E-02
           2.02   3.4918449E-02
           2.03   3.4877694E-02
           2.04   3.4836942E-02
           2.05   3.4796188E-02
           2.06   3.4755436E-02
           2.07   3.4714682E-02
           2.08   3.4673930E-02
           2.09   3.4633179E-02
            2.1   3.4592424E-02
           2.11   3.4551673E-02
           2.12   3.4503874E-02
           2.13   3.4453496E-02
           2.14   3.4403123E-02
           2.15   3.4352749E-02
           2.16   3.4302375E-02
           2.17   3.4252002E-02
           2.18   3.4201624E-02
           2.19   3.4151251E-02
            2.2   3.4100877E-02
           2.21   3.4050504E-02
           2.22   3.4000130E-02
           2.23   3.3949757E-02
           2.24   3.3899383E-02
           2.25   3.3849006E-02
           2.26   3.3793883E-02
           2.27   3.3736175E-02
           2.28   3.3678466E-02
           2.29   3.3620761E-02
            2.3   3.3563053E-02
           2.31   3.3505344E-02
           2.32   3.3447636E-02
           2.33   3.3389927E-02
           2.34   3.3332223E-02
           2.35   3.3274514E-02
           2.36   3.3216806E-02
           2.37   3.3159097E-02
           2.38   3.3101389E-02
           2.39   3.3043684E-02
            2.4   3.2982753E-02
           2.41   3.2919326E-02
           2.42   3.2855900E-02
           2.43   3.2792473E-02
           2.44   3.2729047E-02
           2.45   3.2665616E-02
           2.46   3.2602190E-02
           2.47   3.2538763E-02
           2.48   3.2475337E-02
           2.49   3.2411911E-02
            2.5   3.2348484E-02
           2.51   3.2285058E-02
           2.52   3.2221632E-02
           2.53   3.2158205E-02
           2.54   3.2092458E-02
           2.55   3.2024181E-02
           2.56   3.1955908E-02
           2.57   3.1887635E-02
           2.58   3.1819362E-02
           2.59   3.1751086E-02
            2.6   3.1682813E-02
           2.61   3.1614540E-02
           2.62   3.1546263E-02
           2.63   3.1477990E-02
           2.64   3.1409713E-02
           2.65   3.1341440E-02
           2.66   3.1273167E-02
           2.67   3.1204892E-02
           2.68   3.1135183E-02
           2.69   3.1063268E-02
            2.7   3.0991353E-02
           2.71   3.0919439E-02
           2.72   3.0847524E-02
           2.73   3.0775609E-02
           2.74   3.0703694E-02
           2.75   3.0631780E-02
           2.76   3.0559865E-02
           2.77   3.0487950E-02
           2.78   3.0416035E-02
           2.79   3.0344120E-02
            2.8   3.0272206E-02
           2.81   3.0200291E-02
           2.82   3.0127759E-02
           2.83   3.0053853E-02
           2.84   2.9979947E-02
           2.85   2.9906041E-02
           2.86   2.9832134E-02
           2.87   2.9758228E-02
           2.88   2.9684320E-02
           2.89   2.9610414E-02
            2.9   2.9536508E-02
           2.91   2.9462601E-02
           2.92   2.9388695E-02
           2.93   2.9314787E-02
           2.94   2.9240881E-02
           2.95   2.9166975E-02
           2.96   2.9092877E-02
           2.97   2.9018117E-02
           2.98   2.8943358E-02
           2.99   2.8868599E-02
              3   2.8793840E-02
           3.01   2.8719081E-02
           3.02   2.8644322E-02
           3.03   2.8569563E-02
           3.04   2.8494804E-02
           3.05   2.8420045E-02
           3.06   2.8345286E-02
           3.07   2.8270527E-02
           3.08   2.8195768E-02
           3.09   2.8121007E-02
            3.1   2.8046182E-02
           3.11   2.7970957E-02
           3.12   2.7895732E-02
           3.13   2.7820506E-02
           3.14   2.7745281E-02
           3.15   2.7670056E-02
           3.16   2.7594831E-02
           3.17   2.7519608E-02
           3.18   2.7444383E-02
           3.19   2.7369158E-02
            3.2   2.7293933E-02
           3.21   2.7218708E-02
           3.22   2.7143483E-02
           3.23   2.7068258E-02
           3.24   2.6993033E-02
           3.25   2.6917800E-02
           3.26   2.6842569E-02
           3.27   2.6767337E-02
           3.28   2.6692106E-02
           3.29   2.6616874E-02
            3.3   2.6541643E-02
           3.31   2.6466411E-02
           3.32   2.6391180E-02
           3.33   2.6315948E-02
           3.34   2.6240718E-02
           3.35   2.6165488E-02
           3.36   2.6090256E-02
           3.37   2.6015026E-02
           3.38   2.5939792E-02
           3.39   2.5865557E-02
            3.4   2.5791349E-02
           3.41   2.5717142E-02
           3.42   2.5642937E-02
           3.43   2.5568730E-02
           3.44   2.5494523E-02
           3.45   2.5420316E-02
           3.46   2.5346111E-02
           3.47   2.5271905E-02
           3.48   2.5197698E-02
           3.49   2.5123492E-02
            3.5   2.5049287E-02
           3.51   2.4975081E-02
           3.52   2.4900875E-02
           3.53   2.4828514E-02
           3.54   2.4756389E-02
           3.55   2.4684263E-02
           3.56   2.4612138E-02
           3.57   2.4540012E-02
           3.58   2.4467885E-02
           3.59   2.4395761E-02
            3.6   2.4323634E-02
           3.61   2.4251508E-02
           3.62   2.4179383E-02
           3.63   2.4107255E-02
           3.64   2.4035129E-02
           3.65   2.3963004E-02
           3.66   2.3890878E-02
           3.67   2.3820725E-02
           3.68   2.3751056E-02
           3.69   2.3681389E-02
            3.7   2.3611721E-02
           3.71   2.3542052E-02
           3.72   2.3472385E-02
           3.73   2.3402716E-02
           3.74   2.3333047E-02
           3.75   2.3263378E-02
           3.76   2.3193712E-02
           3.77   2.3124043E-02
           3.78   2.3054374E-02
           3.79   2.2984707E-02
            3.8   2.2915038E-02
           3.81   2.2846990E-02
           3.82   2.2779575E-02
           3.83   2.2712162E-02
           3.84   2.2644749E-02
           3.85   2.2577336E-02
           3.86   2.2509921E-02
           3.87   2.2442508E-02
           3.88   2.2375093E-02
           3.89   2.2307680E-02
            3.9   2.2240265E-02
           3.91   2.2172852E-02
           3.92   2.2105439E-02
           3.93   2.2038024E-02
           3.94   2.1970611E-02
           3.95   2.1904539E-02
           3.96   2.1839241E-02
           3.97   2.1773942E-02
           3.98   2.1708644E-02
           3.99   2.1643347E-02
              4   2.1578049E-02
           4.01   2.1512749E-02
           4.02   2.1447454E-02
           4.03   2.1382154E-02
           4.04   2.1316857E-02
           4.05   2.1251559E-02
           4.06   2.1186262E-02
           4.07   2.1120962E-02
           4.08   2.1055665E-02
           4.09   2.0991660E-02
            4.1   2.0928718E-02
           4.11   2.0865772E-02
           4.12   2.0802830E-02
           4.13   2.0739885E-02
           4.14   2.0676943E-02
           4.15   2.0613997E-02
           4.16   2.0551056E-02
           4.17   2.0488110E-02
           4.18   2.0425168E-02
           4.19   2.0362223E-02
            4.2   2.0299281E-02
           4.21   2.0236335E-02
           4.22   2.0173394E-02
           4.23   2.0111688E-02
           4.24   2.0051415E-02
           4.25   1.9991140E-02
           4.26   1.9930865E-02
           4.27   1.9870592E-02
           4.28   1.9810317E-02
           4.29   1.9750044E-02
            4.3   1.9689769E-02
           4.31   1.9629495E-02
           4.32   1.9569220E-02
           4.33   1.9508947E-02
           4.34   1.9448672E-02
           4.35   1.9388399E-02
           4.36   1.9328124E-02
           4.37   1.9268866E-02
           4.38   1.9211257E-02
           4.39   1.9153651E-02
            4.4   1.9096043E-02
           4.41   1.9038438E-02
           4.42   1.8980830E-02
           4.43   1.8923223E-02
           4.44   1.8865615E-02
           4.45   1.8808010E-02
           4.46   1.8750402E-02
           4.47   1.8692796E-02
           4.48   1.8635187E-02
           4.49   1.8577581E-02
            4.5   1.8519973E-02
           4.51   1.8463067E-02
           4.52   1.8407830E-02
           4.53   1.8352593E-02
           4.54   1.8297358E-02
           4.55   1.8242119E-02
           4.56   1.8186884E-02
           4.57   1.8131645E-02
           4.58   1.8076410E-02
           4.59   1.8021173E-02
            4.6   1.7965936E-02
           4.61   1.7910699E-02
           4.62   1.7855464E-02
           4.63   1.7800226E-02
           4.64   1.7744991E-02
           4.65   1.7690205E-02
           4.66   1.7637109E-02
           4.67   1.7584011E-02
           4.68   1.7530915E-02
           4.69   1.7477817E-02
            4.7   1.7424723E-02
           4.71   1.7371623E-02
           4.72   1.7318529E-02
           4.73   1.7265431E-02
           4.74   1.7212335E-02
           4.75   1.7159237E-02
           4.76   1.7106139E-02
           4.77   1.7053043E-02
           4.78   1.6999946E-02
           4.79   1.6947131E-02
            4.8   1.6896256E-02
           4.81   1.6845382E-02
           4.82   1.6794505E-02
           4.83   1.6743632E-02
           4.84   1.6692757E-02
           4.85   1.6641884E-02
           4.86   1.6591007E-02
           4.87   1.6540134E-02
           4.88   1.6489259E-02
           4.89   1.6438386E-02
            4.9   1.6387511E-02
           4.91   1.6336638E-02
           4.92   1.6285761E-02
           4.93   1.6234994E-02
           4.94   1.6186620E-02
           4.95   1.6138248E-02
           4.96   1.6089872E-02
           4.97   1.6041500E-02
           4.98   1.5993126E-02
           4.99   1.5944754E-02
              5   1.5896380E-02
           5.01   1.5848007E-02
           5.02   1.5799635E-02
           5.03   1.5751261E-02
           5.04   1.5702889E-02
           5.05   1.5654513E-02
           5.06   1.5606142E-02
           5.07   1.5557768E-02
           5.08   1.5511952E-02
           5.09   1.5466247E-02
            5.1   1.5420544E-02
           5.11   1.5374838E-02
           5.12   1.5329136E-02
           5.13   1.5283431E-02
           5.14   1.5237727E-02
           5.15   1.5192022E-02
           5.16   1.5146319E-02
           5.17   1.5100614E-02
           5.18   1.5054911E-02
           5.19   1.5009206E-02
            5.2   1.4963502E-02
           5.21   1.4917797E-02
           5.22   1.4874322E-02
           5.23   1.4831167E-02
           5.24   1.4788016E-02
           5.25   1.4744861E-02
           5.26   1.4701707E-02
           5.27   1.4658555E-02
           5.28   1.4615401E-02
           5.29   1.4572248E-02
            5.3   1.4529095E-02
           5.31   1.4485943E-02
           5.32   1.4442788E-02
           5.33   1.4399637E-02
           5.34   1.4356483E-02
           5.35   1.4313331E-02
           5.36   1.4271941E-02
           5.37   1.4231025E-02
           5.38   1.4190108E-02
           5.39   1.4149192E-02
            5.4   1.4108275E-02
           5.41   1.4067358E-02
           5.42   1.4026441E-02
           5.43   1.3985526E-02
           5.44   1.3944609E-02
           5.45   1.3903693E-02
           5.46   1.3862776E-02
           5.47   1.3821861E-02
           5.48   1.3780943E-02
           5.49   1.3740028E-02
            5.5   1.3700485E-02
           5.51   1.3661519E-02
           5.52   1.3622555E-02
           5.53   1.3583589E-02
           5.54   1.3544625E-02
           5.55   1.3505659E-02
           5.56   1.3466695E-02
           5.57   1.3427729E-02
           5.58   1.3388766E-02
           5.59   1.3349799E-02
            5.6   1.3310836E-02
           5.61   1.3271870E-02
           5.62   1.3232906E-02
           5.63   1.3193941E-02
           5.64   1.3156118E-02
           5.65   1.3118995E-02
           5.66   1.3081873E-02
           5.67   1.3044750E-02
           5.68   1.3007629E-02
           5.69   1.2970505E-02
            5.7   1.2933384E-02
           5.71   1.2896262E-02
           5.72   1.2859140E-02
           5.73   1.2822017E-02
           5.74   1.2784896E-02
           5.75   1.2747772E-02
           5.76   1.2710649E-02
           5.77   1.2673528E-02
           5.78   1.2637411E-02
           5.79   1.2602170E-02
            5.8   1.2566927E-02
           5.81   1.2531686E-02
           5.82   1.2496443E-02
           5.83   1.2461201E-02
           5.84   1.2425959E-02
           5.85   1.2390718E-02
           5.86   1.2355475E-02
           5.87   1.2320233E-02
           5.88   1.2284991E-02
           5.89   1.2249750E-02
            5.9   1.2214506E-02
           5.91   1.2179266E-02
           5.92   1.2144888E-02
           5.93   1.2111567E-02
           5.94   1.2078244E-02
           5.95   1.2044923E-02
           5.96   1.2011601E-02
           5.97   1.1978280E-02
           5.98   1.1944957E-02
           5.99   1.1911636E-02
              6   1.1878314E-02
           6.01   1.1844991E-02
           6.02   1.1811670E-02
           6.03   1.1778348E-02
           6.04   1.1745026E-02
           6.05   1.1711705E-02
           6.06   1.1679060E-02
           6.07   1.1647584E-02
           6.08   1.1616111E-02
           6.09   1.1584635E-02
            6.1   1.1553162E-02
           6.11   1.1521687E-02
           6.12   1.1490213E-02
           6.13   1.1458738E-02
           6.14   1.1427264E-02
           6.15   1.1395789E-02
           6.16   1.1364316E-02
           6.17   1.1332840E-02
           6.18   1.1301367E-02
           6.19   1.1269893E-02
            6.2   1.1238890E-02
           6.21   1.1209089E-02
           6.22   1.1179289E-02
           6.23   1.1149487E-02
           6.24   1.1119687E-02
           6.25   1.1089885E-02
           6.26   1.1060084E-02
           6.27   1.1030283E-02
           6.28   1.1000482E-02
           6.29   1.0970682E-02
            6.3   1.0940880E-02
           6.31   1.0911080E-02
           6.32   1.0881279E-02
           6.33   1.0851479E-02
           6.34   1.0821977E-02
           6.35   1.0793693E-02
           6.36   1.0765407E-02
           6.37   1.0737123E-02
           6.38   1.0708838E-02
           6.39   1.0680553E-02
            6.4   1.0652268E-02
           6.41   1.0623984E-02
           6.42   1.0595698E-02
           6.43   1.0567414E-02
           6.44   1.0539129E-02
           6.45   1.0510845E-02
           6.46   1.0482560E-02
           6.47   1.0454276E-02
           6.48   1.0426157E-02
           6.49   1.0399355E-02
            6.5   1.0372551E-02
           6.51   1.0345747E-02
           6.52   1.0318945E-02
           6.53   1.0292141E-02
           6.54   1.0265339E-02
           6.55   1.0238535E-02
           6.56   1.0211731E-02
           6.57   1.0184928E-02
           6.58   1.0158125E-02
           6.59   1.0131322E-02
            6.6   1.0104519E-02
           6.61   1.0077715E-02
           6.62   1.0050957E-02
           6.63   1.0025701E-02
           6.64   1.0000446E-02
           6.65   9.9751906E-03
           6.66   9.9499367E-03
           6.67   9.9246810E-03
           6.68   9.8994262E-03
           6.69   9.8741705E-03
            6.7   9.8489157E-03
           6.71   9.8236601E-03
           6.72   9.7984063E-03
           6.73   9.7731507E-03
           6.74   9.7478960E-03
           6.75   9.7226404E-03
           6.76   9.6973849E-03
           6.77   9.6736108E-03
           6.78   9.6499235E-03
           6.79   9.6262371E-03
            6.8   9.6025508E-03
           6.81   9.5788646E-03
           6.82   9.5551774E-03
           6.83   9.5314922E-03
           6.84   9.5078052E-03
           6.85   9.4841191E-03
           6.86   9.4604321E-03
           6.87   9.4367471E-03
           6.88   9.4130603E-03
           6.89   9.3893753E-03
            6.9   9.3656886E-03
           6.91   9.3432191E-03
           6.92   9.3209479E-03
           6.93   9.2986778E-03
           6.94   9.2764058E-03
           6.95   9.2541358E-03
           6.96   9.2318649E-03
           6.97   9.2095949E-03
           6.98   9.1873241E-03
           6.99   9.1650542E-03
              7   9.1427835E-03
           7.01   9.1205128E-03
           7.02   9.0982431E-03
           7.03   9.0759716E-03
           7.04   9.0537019E-03
           7.05   9.0323142E-03
           7.06   9.0111839E-03
           7.07   8.9900526E-03
           7.08   8.9689223E-03
           7.09   8.9477910E-03
            7.1   8.9266598E-03
           7.11   8.9055285E-03
           7.12   8.8843982E-03
           7.13   8.8632669E-03
           7.14   8.8421366E-03
           7.15   8.8210054E-03
           7.16   8.7998751E-03
           7.17   8.7787438E-03
           7.18   8.7576126E-03
           7.19   8.7371410E-03
            7.2   8.7169655E-03
           7.21   8.6967890E-03
           7.22   8.6766145E-03
           7.23   8.6564381E-03
           7.24   8.6362627E-03
           7.25   8.6160874E-03
           7.26   8.5959111E-03
           7.27   8.5757359E-03
           7.28   8.5555597E-03
           7.29   8.5353854E-03
            7.3   8.5152094E-03
           7.31   8.4950343E-03
           7.32   8.4748592E-03
           7.33   8.4553002E-03
           7.34   8.4361413E-03
           7.35   8.4169835E-03
           7.36   8.3978257E-03
           7.37   8.3786680E-03
           7.38   8.3595095E-03
           7.39   8.3403520E-03
            7.4   8.3211946E-03
           7.41   8.3020372E-03
           7.42   8.2828790E-03
           7.43   8.2637227E-03
           7.44   8.2445647E-03
           7.45   8.2254077E-03
           7.46   8.2062498E-03
           7.47   8.1877224E-03
           7.48   8.1697722E-03
           7.49   8.1518230E-03
            7.5   8.1338728E-03
           7.51   8.1159226E-03
           7.52   8.0979725E-03
           7.53   8.0800224E-03
           7.54   8.0620732E-03
           7.55   8.0441231E-03
           7.56   8.0261739E-03
           7.57   8.0082238E-03
           7.58   7.9902737E-03
           7.59   7.9723236E-03
            7.6   7.9543745E-03
           7.61   7.9369635E-03
           7.62   7.9202483E-03
           7.63   7.9035323E-03
           7.64   7.8868181E-03
           7.65   7.8701021E-03
           7.66   7.8533871E-03
           7.67   7.8366722E-03
           7.68   7.8199572E-03
           7.69   7.8032419E-03
            7.7   7.7865275E-03
           7.71   7.7698118E-03
           7.72   7.7530975E-03
           7.73   7.7363823E-03
           7.74   7.7196676E-03
           7.75   7.7033004E-03
           7.76   7.6875731E-03
           7.77   7.6718468E-03
           7.78   7.6561196E-03
           7.79   7.6403934E-03
            7.8   7.6246663E-03
           7.81   7.6089402E-03
           7.82   7.5932132E-03
           7.83   7.5774871E-03
           7.84   7.5617602E-03
           7.85   7.5460343E-03
           7.86   7.5303075E-03
           7.87   7.5145816E-03
           7.88   7.4988549E-03
           7.89   7.4833239E-03
            7.9   7.4683241E-03
           7.91   7.4533253E-03
           7.92   7.4383255E-03
           7.93   7.4233263E-03
           7.94   7.4083270E-03
           7.95   7.3933277E-03
           7.96   7.3783280E-03
           7.97   7.3633292E-03
           7.98   7.3483295E-03
           7.99   7.3333307E-03
              8   7.3183309E-03
           8.01   7.3033312E-03
           8.02   7.2883315E-03
           8.03   7.2734764E-03
           8.04   7.2592572E-03
           8.05   7.2450381E-03
           8.06   7.2308195E-03
           8.07   7.2166018E-03
           8.08   7.2023828E-03
           8.09   7.1881643E-03
            8.1   7.1739453E-03
           8.11   7.1597278E-03
           8.12   7.1455094E-03
           8.13   7.1312905E-03
           8.14   7.1170717E-03
           8.15   7.1028547E-03
           8.16   7.0886360E-03
           8.17   7.0745204E-03
           8.18   7.0613477E-03
           8.19   7.0481763E-03
            8.2   7.0350035E-03
           8.21   7.0218308E-03
           8.22   7.0086581E-03
           8.23   6.9954869E-03
           8.24   6.9823142E-03
           8.25   6.9691416E-03
           8.26   6.9559695E-03
           8.27   6.9427969E-03
           8.28   6.9296253E-03
           8.29   6.9164532E-03
            8.3   6.9032807E-03
           8.31   6.8901232E-03
           8.32   6.8780162E-03
           8.33   6.8659086E-03
           8.34   6.8538008E-03
           8.35   6.8416938E-03
           8.36   6.8295880E-03
           8.37   6.8174816E-03
           8.38   6.8053755E-03
           8.39   6.7932693E-03
            8.4   6.7811647E-03
           8.41   6.7690596E-03
           8.42   6.7569548E-03
           8.43   6.7448502E-03
           8.44   6.7327470E-03
           8.45   6.7206427E-03
           8.46   6.7092048E-03
           8.47   6.6978172E-03
           8.48   6.6864310E-03
           8.49   6.6750435E-03
            8.5   6.6636567E-03
           8.51   6.6522695E-03
           8.52   6.6408828E-03
           8.53   6.6294968E-03
           8.54   6.6181104E-03
           8.55   6.6067237E-03
           8.56   6.5953376E-03
           8.57   6.5839521E-03
           8.58   6.5725662E-03
           8.59   6.5611800E-03
            8.6   6.5502320E-03
           8.61   6.5393649E-03
           8.62   6.5284968E-03
           8.63   6.5176288E-03
           8.64   6.5067610E-03
           8.65   6.4958945E-03
           8.66   6.4850268E-03
           8.67   6.4741592E-03
           8.68   6.4632916E-03
           8.69   6.4524255E-03
            8.7   6.4415581E-03
           8.71   6.4306907E-03
           8.72   6.4198235E-03
           8.73   6.4089572E-03
           8.74   6.3987087E-03
           8.75   6.3886551E-03
           8.76   6.3786016E-03
           8.77   6.3685482E-03
           8.78   6.3584959E-03
           8.79   6.3484428E-03
            8.8   6.3383899E-03
           8.81   6.3283371E-03
           8.82   6.3182853E-03
           8.83   6.3082328E-03
           8.84   6.2981804E-03
           8.85   6.2881282E-03
           8.86   6.2780771E-03
           8.87   6.2680252E-03
           8.88   6.2586634E-03
           8.89   6.2496322E-03
            8.9   6.2406019E-03
           8.91   6.2315707E-03
           8.92   6.2225396E-03
           8.93   6.2135084E-03
           8.94   6.2044782E-03
           8.95   6.1954471E-03
           8.96   6.1864161E-03
           8.97   6.1773850E-03
           8.98   6.1683549E-03
           8.99   6.1593239E-03
              9   6.1502929E-03
           9.01   6.1412619E-03
           9.02   6.1326199E-03
           9.03   6.1242473E-03
           9.04   6.1158739E-03
           9.05   6.1075010E-03
           9.06   6.0991278E-03
           9.07   6.0907556E-03
           9.08   6.0823830E-03
           9.09   6.0740101E-03
            9.1   6.0656373E-03
           9.11   6.0572659E-03
           9.12   6.0488933E-03
           9.13   6.0405208E-03
           9.14   6.0321488E-03
           9.15   6.0237774E-03
           9.16   6.0156147E-03
           9.17   6.0076569E-03
           9.18   5.9997002E-03
           9.19   5.9917449E-03
            9.2   5.9837902E-03
           9.21   5.9758361E-03
           9.22   5.9678835E-03
           9.23   5.9599324E-03
           9.24   5.9519820E-03
           9.25   5.9440326E-03
           9.26   5.9360838E-03
           9.27   5.9281365E-03
           9.28   5.9201908E-03
           9.29   5.9122457E-03
            9.3   5.9045903E-03
           9.31   5.8973293E-03
           9.32   5.8900689E-03
           9.33   5.8828084E-03
           9.34   5.8755476E-03
           9.35   5.8682868E-03
           9.36   5.8610265E-03
           9.37   5.8537658E-03
           9.38   5.8465051E-03
           9.39   5.8392450E-03
            9.4   5.8319849E-03
           9.41   5.8247243E-03
           9.42   5.8174639E-03
           9.43   5.8102035E-03
           9.44   5.8031346E-03
           9.45   5.7964383E-03
           9.46   5.7897432E-03
           9.47   5.7830484E-03
           9.48   5.7763554E-03
           9.49   5.7696626E-03
            9.5   5.7629707E-03
           9.51   5.7562791E-03
           9.52   5.7495888E-03
           9.53   5.7428997E-03
           9.54   5.7362105E-03
           9.55   5.7295226E-03
           9.56   5.7228350E-03
           9.57   5.7161492E-03
           9.58   5.7096074E-03
           9.59   5.7034899E-03
            9.6   5.6973726E-03
           9.61   5.6912558E-03
           9.62   5.6851386E-03
           9.63   5.6790211E-03
           9.64   5.6729042E-03
           9.65   5.6667878E-03
           9.66   5.6606711E-03
           9.67   5.6545545E-03
           9.68   5.6484380E-03
           9.69   5.6423221E-03
            9.7   5.6362059E-03
           9.71   5.6300892E-03
           9.72   5.6240965E-03
           9.73   5.6187103E-03
           9.74   5.6133237E-03
           9.75   5.6079371E-03
           9.76   5.6025505E-03
           9.77   5.5971639E-03
           9.78   5.5917778E-03
           9.79   5.5863912E-03
            9.8   5.5810041E-03
           9.81   5.5756176E-03
           9.82   5.5702315E-03
           9.83   5.5648449E-03
           9.84   5.5594583E-03
           9.85   5.5540718E-03
           9.86   5.5489250E-03
           9.87   5.5463709E-03
           9.88   5.5438175E-03
           9.89   5.5412644E-03
            9.9   5.5387130E-03
           9.91   5.5361619E-03
           9.92   5.5336115E-03
           9.93   5.5310618E-03
           9.94   5.5285129E-03
           9.95   5.5259648E-03
           9.96   5.5234174E-03
           9.97   5.5208707E-03
           9.98   5.5183248E-03
           9.99   5.5157797E-03
             10   5.5132352E-03
