# Version 1.0
# tree entry: B-Field (Ms)_Abs (Y)

              0   9.7965499E-02
           0.01   9.6093615E-02
           0.02   9.4221731E-02
           0.03   9.2349839E-02
           0.04   9.0477956E-02
           0.05   8.8606064E-02
           0.06   8.6734180E-02
           0.07   8.4862297E-02
           0.08   8.2990413E-02
           0.09   8.1118521E-02
            0.1   7.9246630E-02
           0.11   7.7374746E-02
           0.12   7.5502862E-02
           0.13   7.3639033E-02
           0.14   7.2387366E-02
           0.15   7.1135698E-02
           0.16   6.9884039E-02
           0.17   6.8632364E-02
           0.18   6.7380698E-02
           0.19   6.6129038E-02
            0.2   6.4877371E-02
           0.21   6.3625705E-02
           0.22   6.2374038E-02
           0.23   6.1122368E-02
           0.24   5.9870705E-02
           0.25   5.8619039E-02
           0.26   5.7379420E-02
           0.27   5.6591576E-02
           0.28   5.5803731E-02
           0.29   5.5015891E-02
            0.3   5.4228043E-02
           0.31   5.3440202E-02
           0.32   5.2652358E-02
           0.33   5.1864514E-02
           0.34   5.1076673E-02
           0.35   5.0288829E-02
           0.36   4.9500985E-02
           0.37   4.8713142E-02
           0.38   4.7925301E-02
           0.39   4.7150213E-02
            0.4   4.6689741E-02
           0.41   4.6229270E-02
           0.42   4.5768802E-02
           0.43   4.5308334E-02
           0.44   4.4847862E-02
           0.45   4.4387394E-02
           0.46   4.3926923E-02
           0.47   4.3466455E-02
           0.48   4.3005984E-02
           0.49   4.2545512E-02
            0.5   4.2085044E-02
           0.51   4.1624577E-02
           0.52   4.1175456E-02
           0.53   4.0933484E-02
           0.54   4.0691511E-02
           0.55   4.0449531E-02
           0.56   4.0207559E-02
           0.57   3.9965586E-02
           0.58   3.9723614E-02
           0.59   3.9481642E-02
            0.6   3.9239669E-02
           0.61   3.8997693E-02
           0.62   3.8755717E-02
           0.63   3.8513744E-02
           0.64   3.8271772E-02
           0.65   3.8038710E-02
           0.66   3.7933946E-02
           0.67   3.7829183E-02
           0.68   3.7724423E-02
           0.69   3.7619663E-02
            0.7   3.7514899E-02
           0.71   3.7410136E-02
           0.72   3.7305376E-02
           0.73   3.7200617E-02
           0.74   3.7095854E-02
           0.75   3.6991091E-02
           0.76   3.6886335E-02
           0.77   3.6781572E-02
           0.78   3.6683060E-02
           0.79   3.6658503E-02
            0.8   3.6633954E-02
           0.81   3.6609397E-02
           0.82   3.6584847E-02
           0.83   3.6560290E-02
           0.84   3.6535737E-02
           0.85   3.6511183E-02
           0.86   3.6486634E-02
           0.87   3.6462077E-02
           0.88   3.6437523E-02
           0.89   3.6412970E-02
            0.9   3.6388417E-02
           0.91   3.6367648E-02
           0.92   3.6384725E-02
           0.93   3.6401802E-02
           0.94   3.6418882E-02
           0.95   3.6435963E-02
           0.96   3.6453039E-02
           0.97   3.6470120E-02
           0.98   3.6487196E-02
           0.99   3.6504277E-02
              1   3.6521354E-02
           1.01   3.6538430E-02
           1.02   3.6555507E-02
           1.03   3.6572587E-02
           1.04   3.6591348E-02
           1.05   3.6624596E-02
           1.06   3.6657841E-02
           1.07   3.6691085E-02
           1.08   3.6724337E-02
           1.09   3.6757582E-02
            1.1   3.6790826E-02
           1.11   3.6824078E-02
           1.12   3.6857323E-02
           1.13   3.6890571E-02
           1.14   3.6923819E-02
           1.15   3.6957064E-02
           1.16   3.6990312E-02
           1.17   3.7023538E-02
           1.18   3.7056600E-02
           1.19   3.7089662E-02
            1.2   3.7122727E-02
           1.21   3.7155793E-02
           1.22   3.7188852E-02
           1.23   3.7221917E-02
           1.24   3.7254979E-02
           1.25   3.7288041E-02
           1.26   3.7321107E-02
           1.27   3.7354169E-02
           1.28   3.7387231E-02
           1.29   3.7420297E-02
            1.3   3.7452015E-02
           1.31   3.7474717E-02
           1.32   3.7497419E-02
           1.33   3.7520121E-02
           1.34   3.7542823E-02
           1.35   3.7565525E-02
           1.36   3.7588227E-02
           1.37   3.7610925E-02
           1.38   3.7633627E-02
           1.39   3.7656329E-02
            1.4   3.7679031E-02
           1.41   3.7701733E-02
           1.42   3.7724435E-02
           1.43   3.7745077E-02
           1.44   3.7753333E-02
           1.45   3.7761595E-02
           1.46   3.7769855E-02
           1.47   3.7778114E-02
           1.48   3.7786377E-02
           1.49   3.7794636E-02
            1.5   3.7802895E-02
           1.51   3.7811155E-02
           1.52   3.7819414E-02
           1.53   3.7827677E-02
           1.54   3.7835936E-02
           1.55   3.7844195E-02
           1.56   3.7850045E-02
           1.57   3.7842841E-02
           1.58   3.7835633E-02
           1.59   3.7828425E-02
            1.6   3.7821222E-02
           1.61   3.7814018E-02
           1.62   3.7806810E-02
           1.63   3.7799603E-02
           1.64   3.7792399E-02
           1.65   3.7785192E-02
           1.66   3.7777989E-02
           1.67   3.7770782E-02
           1.68   3.7763578E-02
           1.69   3.7753625E-02
            1.7   3.7730145E-02
           1.71   3.7706664E-02
           1.72   3.7683188E-02
           1.73   3.7659711E-02
           1.74   3.7636227E-02
           1.75   3.7612750E-02
           1.76   3.7589273E-02
           1.77   3.7565792E-02
           1.78   3.7542312E-02
           1.79   3.7518835E-02
            1.8   3.7495358E-02
           1.81   3.7471874E-02
           1.82   3.7445596E-02
           1.83   3.7406714E-02
           1.84   3.7367832E-02
           1.85   3.7328946E-02
           1.86   3.7290061E-02
           1.87   3.7251179E-02
           1.88   3.7212297E-02
           1.89   3.7173412E-02
            1.9   3.7134530E-02
           1.91   3.7095648E-02
           1.92   3.7056763E-02
           1.93   3.7017882E-02
           1.94   3.6978996E-02
           1.95   3.6937634E-02
           1.96   3.6886009E-02
           1.97   3.6834383E-02
           1.98   3.6782754E-02
           1.99   3.6731133E-02
              2   3.6679508E-02
           2.01   3.6627882E-02
           2.02   3.6576257E-02
           2.03   3.6524628E-02
           2.04   3.6473007E-02
           2.05   3.6421381E-02
           2.06   3.6369756E-02
           2.07   3.6318131E-02
           2.08   3.6264367E-02
           2.09   3.6202453E-02
            2.1   3.6140546E-02
           2.11   3.6078632E-02
           2.12   3.6016722E-02
           2.13   3.5954811E-02
           2.14   3.5892897E-02
           2.15   3.5830986E-02
           2.16   3.5769076E-02
           2.17   3.5707162E-02
           2.18   3.5645255E-02
           2.19   3.5583341E-02
            2.2   3.5521430E-02
           2.21   3.5457687E-02
           2.22   3.5387465E-02
           2.23   3.5317247E-02
           2.24   3.5247029E-02
           2.25   3.5176807E-02
           2.26   3.5106586E-02
           2.27   3.5036368E-02
           2.28   3.4966150E-02
           2.29   3.4895928E-02
            2.3   3.4825706E-02
           2.31   3.4755492E-02
           2.32   3.4685270E-02
           2.33   3.4615048E-02
           2.34   3.4543381E-02
           2.35   3.4466946E-02
           2.36   3.4390518E-02
           2.37   3.4314083E-02
           2.38   3.4237651E-02
           2.39   3.4161219E-02
            2.4   3.4084792E-02
           2.41   3.4008356E-02
           2.42   3.3931928E-02
           2.43   3.3855497E-02
           2.44   3.3779065E-02
           2.45   3.3702634E-02
           2.46   3.3626202E-02
           2.47   3.3548668E-02
           2.48   3.3467766E-02
           2.49   3.3386868E-02
            2.5   3.3305967E-02
           2.51   3.3225065E-02
           2.52   3.3144167E-02
           2.53   3.3063266E-02
           2.54   3.2982364E-02
           2.55   3.2901467E-02
           2.56   3.2820562E-02
           2.57   3.2739664E-02
           2.58   3.2658766E-02
           2.59   3.2577861E-02
            2.6   3.2496092E-02
           2.61   3.2411834E-02
           2.62   3.2327575E-02
           2.63   3.2243313E-02
           2.64   3.2159055E-02
           2.65   3.2074793E-02
           2.66   3.1990535E-02
           2.67   3.1906277E-02
           2.68   3.1822019E-02
           2.69   3.1737761E-02
            2.7   3.1653502E-02
           2.71   3.1569244E-02
           2.72   3.1484986E-02
           2.73   3.1400139E-02
           2.74   3.1313738E-02
           2.75   3.1227335E-02
           2.76   3.1140932E-02
           2.77   3.1054527E-02
           2.78   3.0968124E-02
           2.79   3.0881721E-02
            2.8   3.0795319E-02
           2.81   3.0708916E-02
           2.82   3.0622513E-02
           2.83   3.0536110E-02
           2.84   3.0449705E-02
           2.85   3.0363304E-02
           2.86   3.0276750E-02
           2.87   3.0189817E-02
           2.88   3.0102883E-02
           2.89   3.0015949E-02
            2.9   2.9929015E-02
           2.91   2.9842085E-02
           2.92   2.9755152E-02
           2.93   2.9668220E-02
           2.94   2.9581288E-02
           2.95   2.9494354E-02
           2.96   2.9407423E-02
           2.97   2.9320491E-02
           2.98   2.9233557E-02
           2.99   2.9146847E-02
              3   2.9060653E-02
           3.01   2.8974460E-02
           3.02   2.8888268E-02
           3.03   2.8802074E-02
           3.04   2.8715881E-02
           3.05   2.8629689E-02
           3.06   2.8543493E-02
           3.07   2.8457301E-02
           3.08   2.8371110E-02
           3.09   2.8284914E-02
            3.1   2.8198722E-02
           3.11   2.8112529E-02
           3.12   2.8026698E-02
           3.13   2.7941667E-02
           3.14   2.7856634E-02
           3.15   2.7771604E-02
           3.16   2.7686575E-02
           3.17   2.7601543E-02
           3.18   2.7516512E-02
           3.19   2.7431482E-02
            3.2   2.7346453E-02
           3.21   2.7261422E-02
           3.22   2.7176390E-02
           3.23   2.7091361E-02
           3.24   2.7006329E-02
           3.25   2.6921709E-02
           3.26   2.6837940E-02
           3.27   2.6754173E-02
           3.28   2.6670405E-02
           3.29   2.6586634E-02
            3.3   2.6502867E-02
           3.31   2.6419099E-02
           3.32   2.6335330E-02
           3.33   2.6251561E-02
           3.34   2.6167793E-02
           3.35   2.6084026E-02
           3.36   2.6000256E-02
           3.37   2.5916487E-02
           3.38   2.5833290E-02
           3.39   2.5751220E-02
            3.4   2.5669151E-02
           3.41   2.5587080E-02
           3.42   2.5505009E-02
           3.43   2.5422940E-02
           3.44   2.5340870E-02
           3.45   2.5258799E-02
           3.46   2.5176730E-02
           3.47   2.5094661E-02
           3.48   2.5012590E-02
           3.49   2.4930520E-02
            3.5   2.4848451E-02
           3.51   2.4767221E-02
           3.52   2.4687546E-02
           3.53   2.4607870E-02
           3.54   2.4528197E-02
           3.55   2.4448520E-02
           3.56   2.4368847E-02
           3.57   2.4289174E-02
           3.58   2.4209498E-02
           3.59   2.4129825E-02
            3.6   2.4050152E-02
           3.61   2.3970475E-02
           3.62   2.3890802E-02
           3.63   2.3811126E-02
           3.64   2.3732496E-02
           3.65   2.3655697E-02
           3.66   2.3578898E-02
           3.67   2.3502098E-02
           3.68   2.3425297E-02
           3.69   2.3348501E-02
            3.7   2.3271700E-02
           3.71   2.3194900E-02
           3.72   2.3118101E-02
           3.73   2.3041302E-02
           3.74   2.2964502E-02
           3.75   2.2887702E-02
           3.76   2.2810905E-02
           3.77   2.2735233E-02
           3.78   2.2661436E-02
           3.79   2.2587634E-02
            3.8   2.2513836E-02
           3.81   2.2440037E-02
           3.82   2.2366237E-02
           3.83   2.2292437E-02
           3.84   2.2218638E-02
           3.85   2.2144840E-02
           3.86   2.2071040E-02
           3.87   2.1997241E-02
           3.88   2.1923439E-02
           3.89   2.1849640E-02
            3.9   2.1777017E-02
           3.91   2.1706233E-02
           3.92   2.1635453E-02
           3.93   2.1564671E-02
           3.94   2.1493889E-02
           3.95   2.1423108E-02
           3.96   2.1352324E-02
           3.97   2.1281544E-02
           3.98   2.1210760E-02
           3.99   2.1139980E-02
              4   2.1069196E-02
           4.01   2.0998414E-02
           4.02   2.0927633E-02
           4.03   2.0858088E-02
           4.04   2.0790382E-02
           4.05   2.0722675E-02
           4.06   2.0654970E-02
           4.07   2.0587263E-02
           4.08   2.0519555E-02
           4.09   2.0451848E-02
            4.1   2.0384145E-02
           4.11   2.0316434E-02
           4.12   2.0248730E-02
           4.13   2.0181023E-02
           4.14   2.0113317E-02
           4.15   2.0045608E-02
           4.16   1.9979168E-02
           4.17   1.9914504E-02
           4.18   1.9849840E-02
           4.19   1.9785176E-02
            4.2   1.9720514E-02
           4.21   1.9655848E-02
           4.22   1.9591184E-02
           4.23   1.9526521E-02
           4.24   1.9461859E-02
           4.25   1.9397193E-02
           4.26   1.9332529E-02
           4.27   1.9267865E-02
           4.28   1.9203201E-02
           4.29   1.9139737E-02
            4.3   1.9077868E-02
           4.31   1.9016003E-02
           4.32   1.8954136E-02
           4.33   1.8892270E-02
           4.34   1.8830400E-02
           4.35   1.8768534E-02
           4.36   1.8706668E-02
           4.37   1.8644802E-02
           4.38   1.8582932E-02
           4.39   1.8521067E-02
            4.4   1.8459201E-02
           4.41   1.8397335E-02
           4.42   1.8336560E-02
           4.43   1.8277174E-02
           4.44   1.8217784E-02
           4.45   1.8158398E-02
           4.46   1.8099008E-02
           4.47   1.8039623E-02
           4.48   1.7980232E-02
           4.49   1.7920847E-02
            4.5   1.7861456E-02
           4.51   1.7802068E-02
           4.52   1.7742680E-02
           4.53   1.7683292E-02
           4.54   1.7623906E-02
           4.55   1.7565591E-02
           4.56   1.7508568E-02
           4.57   1.7451542E-02
           4.58   1.7394517E-02
           4.59   1.7337492E-02
            4.6   1.7280467E-02
           4.61   1.7223443E-02
           4.62   1.7166418E-02
           4.63   1.7109393E-02
           4.64   1.7052369E-02
           4.65   1.6995344E-02
           4.66   1.6938320E-02
           4.67   1.6881296E-02
           4.68   1.6825462E-02
           4.69   1.6770979E-02
            4.7   1.6716497E-02
           4.71   1.6662014E-02
           4.72   1.6607533E-02
           4.73   1.6553048E-02
           4.74   1.6498568E-02
           4.75   1.6444086E-02
           4.76   1.6389603E-02
           4.77   1.6335122E-02
           4.78   1.6280638E-02
           4.79   1.6226159E-02
            4.8   1.6171677E-02
           4.81   1.6118557E-02
           4.82   1.6066906E-02
           4.83   1.6015258E-02
           4.84   1.5963605E-02
           4.85   1.5911957E-02
           4.86   1.5860306E-02
           4.87   1.5808659E-02
           4.88   1.5757007E-02
           4.89   1.5705358E-02
            4.9   1.5653709E-02
           4.91   1.5602060E-02
           4.92   1.5550409E-02
           4.93   1.5498761E-02
           4.94   1.5448567E-02
           4.95   1.5399872E-02
           4.96   1.5351173E-02
           4.97   1.5302478E-02
           4.98   1.5253780E-02
           4.99   1.5205083E-02
              5   1.5156385E-02
           5.01   1.5107687E-02
           5.02   1.5058990E-02
           5.03   1.5010292E-02
           5.04   1.4961597E-02
           5.05   1.4912899E-02
           5.06   1.4864203E-02
           5.07   1.4816908E-02
           5.08   1.4770982E-02
           5.09   1.4725056E-02
            5.1   1.4679130E-02
           5.11   1.4633203E-02
           5.12   1.4587278E-02
           5.13   1.4541350E-02
           5.14   1.4495426E-02
           5.15   1.4449498E-02
           5.16   1.4403574E-02
           5.17   1.4357647E-02
           5.18   1.4311722E-02
           5.19   1.4265796E-02
            5.2   1.4221104E-02
           5.21   1.4177552E-02
           5.22   1.4134001E-02
           5.23   1.4090449E-02
           5.24   1.4046899E-02
           5.25   1.4003348E-02
           5.26   1.3959795E-02
           5.27   1.3916244E-02
           5.28   1.3872693E-02
           5.29   1.3829144E-02
            5.3   1.3785591E-02
           5.31   1.3742041E-02
           5.32   1.3698490E-02
           5.33   1.3655993E-02
           5.34   1.3614422E-02
           5.35   1.3572851E-02
           5.36   1.3531280E-02
           5.37   1.3489708E-02
           5.38   1.3448136E-02
           5.39   1.3406566E-02
            5.4   1.3364994E-02
           5.41   1.3323424E-02
           5.42   1.3281851E-02
           5.43   1.3240282E-02
           5.44   1.3198709E-02
           5.45   1.3157139E-02
           5.46   1.3116533E-02
           5.47   1.3076733E-02
           5.48   1.3036932E-02
           5.49   1.2997133E-02
            5.5   1.2957332E-02
           5.51   1.2917530E-02
           5.52   1.2877731E-02
           5.53   1.2837931E-02
           5.54   1.2798132E-02
           5.55   1.2758331E-02
           5.56   1.2718532E-02
           5.57   1.2678730E-02
           5.58   1.2638931E-02
           5.59   1.2600133E-02
            5.6   1.2562129E-02
           5.61   1.2524124E-02
           5.62   1.2486120E-02
           5.63   1.2448115E-02
           5.64   1.2410111E-02
           5.65   1.2372106E-02
           5.66   1.2334103E-02
           5.67   1.2296097E-02
           5.68   1.2258095E-02
           5.69   1.2220088E-02
            5.7   1.2182086E-02
           5.71   1.2144081E-02
           5.72   1.2107189E-02
           5.73   1.2071132E-02
           5.74   1.2035077E-02
           5.75   1.1999019E-02
           5.76   1.1962961E-02
           5.77   1.1926906E-02
           5.78   1.1890847E-02
           5.79   1.1854792E-02
            5.8   1.1818734E-02
           5.81   1.1782679E-02
           5.82   1.1746621E-02
           5.83   1.1710565E-02
           5.84   1.1674508E-02
           5.85   1.1639650E-02
           5.86   1.1605643E-02
           5.87   1.1571637E-02
           5.88   1.1537630E-02
           5.89   1.1503624E-02
            5.9   1.1469617E-02
           5.91   1.1435611E-02
           5.92   1.1401604E-02
           5.93   1.1367599E-02
           5.94   1.1333591E-02
           5.95   1.1299586E-02
           5.96   1.1265578E-02
           5.97   1.1231572E-02
           5.98   1.1198746E-02
           5.99   1.1166716E-02
              6   1.1134686E-02
           6.01   1.1102656E-02
           6.02   1.1070626E-02
           6.03   1.1038596E-02
           6.04   1.1006566E-02
           6.05   1.0974536E-02
           6.06   1.0942507E-02
           6.07   1.0910477E-02
           6.08   1.0878449E-02
           6.09   1.0846418E-02
            6.1   1.0814390E-02
           6.11   1.0783422E-02
           6.12   1.0753133E-02
           6.13   1.0722843E-02
           6.14   1.0692553E-02
           6.15   1.0662264E-02
           6.16   1.0631975E-02
           6.17   1.0601685E-02
           6.18   1.0571396E-02
           6.19   1.0541107E-02
            6.2   1.0510818E-02
           6.21   1.0480529E-02
           6.22   1.0450241E-02
           6.23   1.0419951E-02
           6.24   1.0390588E-02
           6.25   1.0361781E-02
           6.26   1.0332974E-02
           6.27   1.0304169E-02
           6.28   1.0275362E-02
           6.29   1.0246556E-02
            6.3   1.0217750E-02
           6.31   1.0188945E-02
           6.32   1.0160138E-02
           6.33   1.0131332E-02
           6.34   1.0102525E-02
           6.35   1.0073720E-02
           6.36   1.0044914E-02
           6.37   1.0016973E-02
           6.38   9.9895261E-03
           6.39   9.9620801E-03
            6.4   9.9346323E-03
           6.41   9.9071872E-03
           6.42   9.8797394E-03
           6.43   9.8522934E-03
           6.44   9.8248456E-03
           6.45   9.7973996E-03
           6.46   9.7699517E-03
           6.47   9.7425058E-03
           6.48   9.7150579E-03
           6.49   9.6876120E-03
            6.5   9.6610712E-03
           6.51   9.6350184E-03
           6.52   9.6089675E-03
           6.53   9.5829156E-03
           6.54   9.5568638E-03
           6.55   9.5308119E-03
           6.56   9.5047610E-03
           6.57   9.4787092E-03
           6.58   9.4526573E-03
           6.59   9.4266055E-03
            6.6   9.4005546E-03
           6.61   9.3745018E-03
           6.62   9.3484510E-03
           6.63   9.3233688E-03
           6.64   9.2987823E-03
           6.65   9.2741948E-03
           6.66   9.2496074E-03
           6.67   9.2250209E-03
           6.68   9.2004344E-03
           6.69   9.1758461E-03
            6.7   9.1512596E-03
           6.71   9.1266713E-03
           6.72   9.1020848E-03
           6.73   9.0774975E-03
           6.74   9.0529111E-03
           6.75   9.0283237E-03
           6.76   9.0046913E-03
           6.77   8.9815182E-03
           6.78   8.9583452E-03
           6.79   8.9351731E-03
            6.8   8.9119992E-03
           6.81   8.8888272E-03
           6.82   8.8656544E-03
           6.83   8.8424825E-03
           6.84   8.8193098E-03
           6.85   8.7961371E-03
           6.86   8.7729644E-03
           6.87   8.7497928E-03
           6.88   8.7266193E-03
           6.89   8.7042895E-03
            6.9   8.6823396E-03
           6.91   8.6603915E-03
           6.92   8.6384417E-03
           6.93   8.6164919E-03
           6.94   8.5945421E-03
           6.95   8.5725943E-03
           6.96   8.5506446E-03
           6.97   8.5286949E-03
           6.98   8.5067453E-03
           6.99   8.4847976E-03
              7   8.4628481E-03
           7.01   8.4408986E-03
           7.02   8.4196725E-03
           7.03   8.3987532E-03
           7.04   8.3778349E-03
           7.05   8.3569165E-03
           7.06   8.3359982E-03
           7.07   8.3150789E-03
           7.08   8.2941606E-03
           7.09   8.2732422E-03
            7.1   8.2523239E-03
           7.11   8.2314046E-03
           7.12   8.2104872E-03
           7.13   8.1895679E-03
           7.14   8.1686496E-03
           7.15   8.1484399E-03
           7.16   8.1285158E-03
           7.17   8.1085889E-03
           7.18   8.0886639E-03
           7.19   8.0687389E-03
            7.2   8.0488139E-03
           7.21   8.0288879E-03
           7.22   8.0089639E-03
           7.23   7.9890371E-03
           7.24   7.9691122E-03
           7.25   7.9491872E-03
           7.26   7.9292605E-03
           7.27   7.9093365E-03
           7.28   7.8902120E-03
           7.29   7.8713912E-03
            7.3   7.8525676E-03
           7.31   7.8337459E-03
           7.32   7.8149223E-03
           7.33   7.7961001E-03
           7.34   7.7772770E-03
           7.35   7.7584544E-03
           7.36   7.7396317E-03
           7.37   7.7208096E-03
           7.38   7.7019865E-03
           7.39   7.6831644E-03
            7.4   7.6643413E-03
           7.41   7.6463942E-03
           7.42   7.6287530E-03
           7.43   7.6111127E-03
           7.44   7.5934715E-03
           7.45   7.5758317E-03
           7.46   7.5581906E-03
           7.47   7.5405508E-03
           7.48   7.5229097E-03
           7.49   7.5052695E-03
            7.5   7.4876285E-03
           7.51   7.4699879E-03
           7.52   7.4523477E-03
           7.53   7.4347067E-03
           7.54   7.4178827E-03
           7.55   7.4013259E-03
           7.56   7.3847691E-03
           7.57   7.3682124E-03
           7.58   7.3516558E-03
           7.59   7.3350987E-03
            7.6   7.3185426E-03
           7.61   7.3019857E-03
           7.62   7.2854298E-03
           7.63   7.2688730E-03
           7.64   7.2523172E-03
           7.65   7.2357601E-03
           7.66   7.2192049E-03
           7.67   7.2033128E-03
           7.68   7.1876250E-03
           7.69   7.1719362E-03
            7.7   7.1562484E-03
           7.71   7.1405597E-03
           7.72   7.1248714E-03
           7.73   7.1091828E-03
           7.74   7.0934950E-03
           7.75   7.0778060E-03
           7.76   7.0621178E-03
           7.77   7.0464297E-03
           7.78   7.0307416E-03
           7.79   7.0150536E-03
            7.8   6.9999432E-03
           7.81   6.9849972E-03
           7.82   6.9700512E-03
           7.83   6.9551052E-03
           7.84   6.9401587E-03
           7.85   6.9252127E-03
           7.86   6.9102662E-03
           7.87   6.8953207E-03
           7.88   6.8803742E-03
           7.89   6.8654282E-03
            7.9   6.8504823E-03
           7.91   6.8355363E-03
           7.92   6.8205898E-03
           7.93   6.8062763E-03
           7.94   6.7921278E-03
           7.95   6.7779802E-03
           7.96   6.7638321E-03
           7.97   6.7496845E-03
           7.98   6.7355360E-03
           7.99   6.7213884E-03
              8   6.7072404E-03
           8.01   6.6930919E-03
           8.02   6.6789439E-03
           8.03   6.6647968E-03
           8.04   6.6506487E-03
           8.05   6.6365007E-03
           8.06   6.6230593E-03
           8.07   6.6097900E-03
           8.08   6.5965198E-03
           8.09   6.5832497E-03
            8.1   6.5699797E-03
           8.11   6.5567108E-03
           8.12   6.5434409E-03
           8.13   6.5301712E-03
           8.14   6.5169016E-03
           8.15   6.5036330E-03
           8.16   6.4903635E-03
           8.17   6.4770941E-03
           8.18   6.4638249E-03
           8.19   6.4512070E-03
            8.2   6.4387323E-03
           8.21   6.4262583E-03
           8.22   6.4137839E-03
           8.23   6.4013111E-03
           8.24   6.3888370E-03
           8.25   6.3763634E-03
           8.26   6.3638896E-03
           8.27   6.3514159E-03
           8.28   6.3389432E-03
           8.29   6.3264702E-03
            8.3   6.3139969E-03
           8.31   6.3015242E-03
           8.32   6.2895786E-03
           8.33   6.2777389E-03
           8.34   6.2658993E-03
           8.35   6.2540597E-03
           8.36   6.2422210E-03
           8.37   6.2303813E-03
           8.38   6.2185417E-03
           8.39   6.2067021E-03
            8.4   6.1948639E-03
           8.41   6.1830243E-03
           8.42   6.1711847E-03
           8.43   6.1593452E-03
           8.44   6.1475070E-03
           8.45   6.1362303E-03
           8.46   6.1250585E-03
           8.47   6.1138866E-03
           8.48   6.1027153E-03
           8.49   6.0915436E-03
            8.5   6.0803719E-03
           8.51   6.0691997E-03
           8.52   6.0580281E-03
           8.53   6.0468575E-03
           8.54   6.0356855E-03
           8.55   6.0245140E-03
           8.56   6.0133425E-03
           8.57   6.0021716E-03
           8.58   5.9917722E-03
           8.59   5.9815012E-03
            8.6   5.9712303E-03
           8.61   5.9609603E-03
           8.62   5.9506898E-03
           8.63   5.9404189E-03
           8.64   5.9301479E-03
           8.65   5.9198780E-03
           8.66   5.9096071E-03
           8.67   5.8993362E-03
           8.68   5.8890653E-03
           8.69   5.8787954E-03
            8.7   5.8685245E-03
           8.71   5.8590952E-03
           8.72   5.8497905E-03
           8.73   5.8404868E-03
           8.74   5.8311826E-03
           8.75   5.8218785E-03
           8.76   5.8125743E-03
           8.77   5.8032702E-03
           8.78   5.7939665E-03
           8.79   5.7846624E-03
            8.8   5.7753578E-03
           8.81   5.7660537E-03
           8.82   5.7567505E-03
           8.83   5.7474459E-03
           8.84   5.7387700E-03
           8.85   5.7301772E-03
           8.86   5.7215854E-03
           8.87   5.7129923E-03
           8.88   5.7044002E-03
           8.89   5.6958073E-03
            8.9   5.6872158E-03
           8.91   5.6786235E-03
           8.92   5.6700313E-03
           8.93   5.6614391E-03
           8.94   5.6528475E-03
           8.95   5.6442560E-03
           8.96   5.6356637E-03
           8.97   5.6275334E-03
           8.98   5.6194580E-03
           8.99   5.6113820E-03
              9   5.6033064E-03
           9.01   5.5952313E-03
           9.02   5.5871566E-03
           9.03   5.5790833E-03
           9.04   5.5710095E-03
           9.05   5.5629361E-03
           9.06   5.5548631E-03
           9.07   5.5467915E-03
           9.08   5.5387194E-03
           9.09   5.5306477E-03
            9.1   5.5230907E-03
           9.11   5.5155861E-03
           9.12   5.5080806E-03
           9.13   5.5005752E-03
           9.14   5.4930703E-03
           9.15   5.4855654E-03
           9.16   5.4780606E-03
           9.17   5.4705554E-03
           9.18   5.4630503E-03
           9.19   5.4555461E-03
            9.2   5.4480411E-03
           9.21   5.4405361E-03
           9.22   5.4330312E-03
           9.23   5.4259598E-03
           9.24   5.4189240E-03
           9.25   5.4118883E-03
           9.26   5.4048522E-03
           9.27   5.3978168E-03
           9.28   5.3907819E-03
           9.29   5.3837466E-03
            9.3   5.3767115E-03
           9.31   5.3696760E-03
           9.32   5.3626415E-03
           9.33   5.3556067E-03
           9.34   5.3485720E-03
           9.35   5.3415374E-03
           9.36   5.3347935E-03
           9.37   5.3280695E-03
           9.38   5.3213451E-03
           9.39   5.3146211E-03
            9.4   5.3078977E-03
           9.41   5.3011737E-03
           9.42   5.2944494E-03
           9.43   5.2877255E-03
           9.44   5.2810026E-03
           9.45   5.2742788E-03
           9.46   5.2675540E-03
           9.47   5.2608302E-03
           9.48   5.2541074E-03
           9.49   5.2479424E-03
            9.5   5.2418084E-03
           9.51   5.2356745E-03
           9.52   5.2295407E-03
           9.53   5.2234079E-03
           9.54   5.2172743E-03
           9.55   5.2111409E-03
           9.56   5.2050076E-03
           9.57   5.1988753E-03
           9.58   5.1927422E-03
           9.59   5.1866092E-03
            9.6   5.1804764E-03
           9.61   5.1743441E-03
           9.62   5.1688643E-03
           9.63   5.1634109E-03
           9.64   5.1579580E-03
           9.65   5.1525065E-03
           9.66   5.1470550E-03
           9.67   5.1416035E-03
           9.68   5.1361529E-03
           9.69   5.1307028E-03
            9.7   5.1252532E-03
           9.71   5.1198036E-03
           9.72   5.1143550E-03
           9.73   5.1089068E-03
           9.74   5.1034591E-03
           9.75   5.0987944E-03
           9.76   5.0941508E-03
           9.77   5.0895067E-03
           9.78   5.0848635E-03
           9.79   5.0802194E-03
            9.8   5.0755763E-03
           9.81   5.0709322E-03
           9.82   5.0662891E-03
           9.83   5.0616451E-03
           9.84   5.0570020E-03
           9.85   5.0523581E-03
           9.86   5.0477150E-03
           9.87   5.0430711E-03
           9.88   5.0409829E-03
           9.89   5.0389296E-03
            9.9   5.0368781E-03
           9.91   5.0348281E-03
           9.92   5.0327791E-03
           9.93   5.0307315E-03
           9.94   5.0286852E-03
           9.95   5.0266405E-03
           9.96   5.0245971E-03
           9.97   5.0225552E-03
           9.98   5.0205156E-03
           9.99   5.0184760E-03
             10   5.0164389E-03
