# Version 1.0
# tree entry: B-Field (Ms)_Abs (Y)

              0   1.5295464E-01
           0.01   1.5011275E-01
           0.02   1.4727086E-01
           0.03   1.4442895E-01
           0.04   1.4158706E-01
           0.05   1.3874517E-01
           0.06   1.3590328E-01
           0.07   1.3306139E-01
           0.08   1.3021950E-01
           0.09   1.2737761E-01
            0.1   1.2453572E-01
           0.11   1.2169383E-01
           0.12   1.1885194E-01
           0.13   1.1601005E-01
           0.14   1.1316816E-01
           0.15   1.1032626E-01
           0.16   1.0748437E-01
           0.17   1.0464248E-01
           0.18   1.0256042E-01
           0.19   1.0072012E-01
            0.2   9.8879829E-02
           0.21   9.7039536E-02
           0.22   9.5199243E-02
           0.23   9.3358949E-02
           0.24   9.1518656E-02
           0.25   8.9678355E-02
           0.26   8.7838062E-02
           0.27   8.5997761E-02
           0.28   8.4157467E-02
           0.29   8.2317174E-02
            0.3   8.0476873E-02
           0.31   7.8636580E-02
           0.32   7.6796287E-02
           0.33   7.4955986E-02
           0.34   7.3115692E-02
           0.35   7.1686120E-02
           0.36   7.0639894E-02
           0.37   6.9593661E-02
           0.38   6.8547428E-02
           0.39   6.7501203E-02
            0.4   6.6454970E-02
           0.41   6.5408737E-02
           0.42   6.4362511E-02
           0.43   6.3316286E-02
           0.44   6.2270053E-02
           0.45   6.1223828E-02
           0.46   6.0177595E-02
           0.47   5.9131365E-02
           0.48   5.8085136E-02
           0.49   5.7038903E-02
            0.5   5.5992678E-02
           0.51   5.4946445E-02
           0.52   5.4045692E-02
           0.53   5.3526804E-02
           0.54   5.3007912E-02
           0.55   5.2489024E-02
           0.56   5.1970139E-02
           0.57   5.1451247E-02
           0.58   5.0932363E-02
           0.59   5.0413474E-02
            0.6   4.9894579E-02
           0.61   4.9375694E-02
           0.62   4.8856802E-02
           0.63   4.8337918E-02
           0.64   4.7819030E-02
           0.65   4.7300141E-02
           0.66   4.6781249E-02
           0.67   4.6262361E-02
           0.68   4.5743473E-02
           0.69   4.5235284E-02
            0.7   4.5026679E-02
           0.71   4.4818074E-02
           0.72   4.4609465E-02
           0.73   4.4400856E-02
           0.74   4.4192247E-02
           0.75   4.3983646E-02
           0.76   4.3775037E-02
           0.77   4.3566428E-02
           0.78   4.3357820E-02
           0.79   4.3149215E-02
            0.8   4.2940606E-02
           0.81   4.2732001E-02
           0.82   4.2523392E-02
           0.83   4.2314784E-02
           0.84   4.2106179E-02
           0.85   4.1897570E-02
           0.86   4.1688965E-02
           0.87   4.1608991E-02
           0.88   4.1562578E-02
           0.89   4.1516160E-02
            0.9   4.1469747E-02
           0.91   4.1423330E-02
           0.92   4.1376913E-02
           0.93   4.1330496E-02
           0.94   4.1284082E-02
           0.95   4.1237665E-02
           0.96   4.1191252E-02
           0.97   4.1144835E-02
           0.98   4.1098418E-02
           0.99   4.1052004E-02
              1   4.1005591E-02
           1.01   4.0959174E-02
           1.02   4.0912757E-02
           1.03   4.0866339E-02
           1.04   4.0859321E-02
           1.05   4.0884318E-02
           1.06   4.0909314E-02
           1.07   4.0934307E-02
           1.08   4.0959300E-02
           1.09   4.0984297E-02
            1.1   4.1009290E-02
           1.11   4.1034283E-02
           1.12   4.1059279E-02
           1.13   4.1084276E-02
           1.14   4.1109265E-02
           1.15   4.1134262E-02
           1.16   4.1159259E-02
           1.17   4.1184248E-02
           1.18   4.1209245E-02
           1.19   4.1234241E-02
            1.2   4.1259230E-02
           1.21   4.1290828E-02
           1.22   4.1337081E-02
           1.23   4.1383334E-02
           1.24   4.1429588E-02
           1.25   4.1475841E-02
           1.26   4.1522094E-02
           1.27   4.1568347E-02
           1.28   4.1614600E-02
           1.29   4.1660854E-02
            1.3   4.1707107E-02
           1.31   4.1753364E-02
           1.32   4.1799617E-02
           1.33   4.1845871E-02
           1.34   4.1892128E-02
           1.35   4.1938381E-02
           1.36   4.1984635E-02
           1.37   4.2030888E-02
           1.38   4.2076754E-02
           1.39   4.2117449E-02
            1.4   4.2158144E-02
           1.41   4.2198839E-02
           1.42   4.2239534E-02
           1.43   4.2280229E-02
           1.44   4.2320924E-02
           1.45   4.2361619E-02
           1.46   4.2402310E-02
           1.47   4.2443005E-02
           1.48   4.2483696E-02
           1.49   4.2524391E-02
            1.5   4.2565086E-02
           1.51   4.2605781E-02
           1.52   4.2646476E-02
           1.53   4.2687171E-02
           1.54   4.2727863E-02
           1.55   4.2768558E-02
           1.56   4.2795175E-02
           1.57   4.2818860E-02
           1.58   4.2842542E-02
           1.59   4.2866223E-02
            1.6   4.2889909E-02
           1.61   4.2913594E-02
           1.62   4.2937276E-02
           1.63   4.2960957E-02
           1.64   4.2984643E-02
           1.65   4.3008328E-02
           1.66   4.3032013E-02
           1.67   4.3055695E-02
           1.68   4.3079377E-02
           1.69   4.3103062E-02
            1.7   4.3126747E-02
           1.71   4.3150429E-02
           1.72   4.3174115E-02
           1.73   4.3185842E-02
           1.74   4.3189131E-02
           1.75   4.3192417E-02
           1.76   4.3195706E-02
           1.77   4.3198996E-02
           1.78   4.3202281E-02
           1.79   4.3205571E-02
            1.8   4.3208860E-02
           1.81   4.3212146E-02
           1.82   4.3215435E-02
           1.83   4.3218725E-02
           1.84   4.3222011E-02
           1.85   4.3225300E-02
           1.86   4.3228590E-02
           1.87   4.3231875E-02
           1.88   4.3235165E-02
           1.89   4.3238454E-02
            1.9   4.3234766E-02
           1.91   4.3217824E-02
           1.92   4.3200885E-02
           1.93   4.3183946E-02
           1.94   4.3167003E-02
           1.95   4.3150061E-02
           1.96   4.3133122E-02
           1.97   4.3116183E-02
           1.98   4.3099241E-02
           1.99   4.3082298E-02
              2   4.3065363E-02
           2.01   4.3048421E-02
           2.02   4.3031478E-02
           2.03   4.3014539E-02
           2.04   4.2997601E-02
           2.05   4.2980658E-02
           2.06   4.2963716E-02
           2.07   4.2944918E-02
           2.08   4.2910005E-02
           2.09   4.2875091E-02
            2.1   4.2840174E-02
           2.11   4.2805260E-02
           2.12   4.2770343E-02
           2.13   4.2735430E-02
           2.14   4.2700516E-02
           2.15   4.2665599E-02
           2.16   4.2630685E-02
           2.17   4.2595772E-02
           2.18   4.2560855E-02
           2.19   4.2525941E-02
            2.2   4.2491028E-02
           2.21   4.2456114E-02
           2.22   4.2421197E-02
           2.23   4.2386284E-02
           2.24   4.2351370E-02
           2.25   4.2303385E-02
           2.26   4.2253313E-02
           2.27   4.2203241E-02
           2.28   4.2153166E-02
           2.29   4.2103094E-02
            2.3   4.2053022E-02
           2.31   4.2002947E-02
           2.32   4.1952871E-02
           2.33   4.1902804E-02
           2.34   4.1852728E-02
           2.35   4.1802653E-02
           2.36   4.1752581E-02
           2.37   4.1702510E-02
           2.38   4.1652434E-02
           2.39   4.1602359E-02
            2.4   4.1552291E-02
           2.41   4.1502216E-02
           2.42   4.1444496E-02
           2.43   4.1382098E-02
           2.44   4.1319706E-02
           2.45   4.1257308E-02
           2.46   4.1194917E-02
           2.47   4.1132518E-02
           2.48   4.1070127E-02
           2.49   4.1007732E-02
            2.5   4.0945337E-02
           2.51   4.0882939E-02
           2.52   4.0820548E-02
           2.53   4.0758153E-02
           2.54   4.0695758E-02
           2.55   4.0633363E-02
           2.56   4.0570968E-02
           2.57   4.0508573E-02
           2.58   4.0446178E-02
           2.59   4.0380323E-02
            2.6   4.0308805E-02
           2.61   4.0237287E-02
           2.62   4.0165768E-02
           2.63   4.0094250E-02
           2.64   4.0022729E-02
           2.65   3.9951211E-02
           2.66   3.9879693E-02
           2.67   3.9808174E-02
           2.68   3.9736656E-02
           2.69   3.9665135E-02
            2.7   3.9593617E-02
           2.71   3.9522099E-02
           2.72   3.9450581E-02
           2.73   3.9379063E-02
           2.74   3.9307545E-02
           2.75   3.9236027E-02
           2.76   3.9163685E-02
           2.77   3.9086196E-02
           2.78   3.9008710E-02
           2.79   3.8931224E-02
            2.8   3.8853738E-02
           2.81   3.8776248E-02
           2.82   3.8698758E-02
           2.83   3.8621272E-02
           2.84   3.8543786E-02
           2.85   3.8466300E-02
           2.86   3.8388811E-02
           2.87   3.8311325E-02
           2.88   3.8233835E-02
           2.89   3.8156349E-02
            2.9   3.8078859E-02
           2.91   3.8001370E-02
           2.92   3.7923884E-02
           2.93   3.7846398E-02
           2.94   3.7765656E-02
           2.95   3.7684541E-02
           2.96   3.7603419E-02
           2.97   3.7522305E-02
           2.98   3.7441187E-02
           2.99   3.7360068E-02
              3   3.7278954E-02
           3.01   3.7197836E-02
           3.02   3.7116718E-02
           3.03   3.7035603E-02
           3.04   3.6954481E-02
           3.05   3.6873367E-02
           3.06   3.6792252E-02
           3.07   3.6711131E-02
           3.08   3.6630016E-02
           3.09   3.6548898E-02
            3.1   3.6467780E-02
           3.11   3.6385254E-02
           3.12   3.6301982E-02
           3.13   3.6218715E-02
           3.14   3.6135443E-02
           3.15   3.6052172E-02
           3.16   3.5968904E-02
           3.17   3.5885633E-02
           3.18   3.5802362E-02
           3.19   3.5719094E-02
            3.2   3.5635823E-02
           3.21   3.5552555E-02
           3.22   3.5469284E-02
           3.23   3.5386016E-02
           3.24   3.5302745E-02
           3.25   3.5219474E-02
           3.26   3.5136206E-02
           3.27   3.5052938E-02
           3.28   3.4969239E-02
           3.29   3.4884928E-02
            3.3   3.4800621E-02
           3.31   3.4716314E-02
           3.32   3.4632007E-02
           3.33   3.4547699E-02
           3.34   3.4463392E-02
           3.35   3.4379085E-02
           3.36   3.4294774E-02
           3.37   3.4210471E-02
           3.38   3.4126160E-02
           3.39   3.4041850E-02
            3.4   3.3957546E-02
           3.41   3.3873235E-02
           3.42   3.3788932E-02
           3.43   3.3704621E-02
           3.44   3.3620314E-02
           3.45   3.3536022E-02
           3.46   3.3451789E-02
           3.47   3.3367556E-02
           3.48   3.3283327E-02
           3.49   3.3199098E-02
            3.5   3.3114869E-02
           3.51   3.3030637E-02
           3.52   3.2946404E-02
           3.53   3.2862175E-02
           3.54   3.2777946E-02
           3.55   3.2693713E-02
           3.56   3.2609484E-02
           3.57   3.2525252E-02
           3.58   3.2441023E-02
           3.59   3.2356794E-02
            3.6   3.2272565E-02
           3.61   3.2188332E-02
           3.62   3.2104099E-02
           3.63   3.2020995E-02
           3.64   3.1937974E-02
           3.65   3.1854952E-02
           3.66   3.1771933E-02
           3.67   3.1688915E-02
           3.68   3.1605893E-02
           3.69   3.1522871E-02
            3.7   3.1439849E-02
           3.71   3.1356827E-02
           3.72   3.1273813E-02
           3.73   3.1190789E-02
           3.74   3.1107769E-02
           3.75   3.1024749E-02
           3.76   3.0941729E-02
           3.77   3.0858707E-02
           3.78   3.0775687E-02
           3.79   3.0692667E-02
            3.8   3.0611128E-02
           3.81   3.0530256E-02
           3.82   3.0449383E-02
           3.83   3.0368511E-02
           3.84   3.0287641E-02
           3.85   3.0206770E-02
           3.86   3.0125898E-02
           3.87   3.0045025E-02
           3.88   2.9964151E-02
           3.89   2.9883281E-02
            3.9   2.9802408E-02
           3.91   2.9721536E-02
           3.92   2.9640664E-02
           3.93   2.9559791E-02
           3.94   2.9478919E-02
           3.95   2.9398049E-02
           3.96   2.9317176E-02
           3.97   2.9237496E-02
           3.98   2.9159282E-02
           3.99   2.9081069E-02
              4   2.9002853E-02
           4.01   2.8924639E-02
           4.02   2.8846426E-02
           4.03   2.8768212E-02
           4.04   2.8689999E-02
           4.05   2.8611783E-02
           4.06   2.8533571E-02
           4.07   2.8455354E-02
           4.08   2.8377142E-02
           4.09   2.8298926E-02
            4.1   2.8220713E-02
           4.11   2.8142497E-02
           4.12   2.8064286E-02
           4.13   2.7986070E-02
           4.14   2.7908428E-02
           4.15   2.7832965E-02
           4.16   2.7757505E-02
           4.17   2.7682040E-02
           4.18   2.7606581E-02
           4.19   2.7531117E-02
            4.2   2.7455658E-02
           4.21   2.7380195E-02
           4.22   2.7304735E-02
           4.23   2.7229272E-02
           4.24   2.7153812E-02
           4.25   2.7078349E-02
           4.26   2.7002886E-02
           4.27   2.6927427E-02
           4.28   2.6851963E-02
           4.29   2.6776504E-02
            4.3   2.6701041E-02
           4.31   2.6625581E-02
           4.32   2.6552802E-02
           4.33   2.6480124E-02
           4.34   2.6407439E-02
           4.35   2.6334759E-02
           4.36   2.6262077E-02
           4.37   2.6189398E-02
           4.38   2.6116714E-02
           4.39   2.6044034E-02
            4.4   2.5971349E-02
           4.41   2.5898671E-02
           4.42   2.5825989E-02
           4.43   2.5753308E-02
           4.44   2.5680624E-02
           4.45   2.5607946E-02
           4.46   2.5535263E-02
           4.47   2.5462583E-02
           4.48   2.5389901E-02
           4.49   2.5319454E-02
            4.5   2.5249851E-02
           4.51   2.5180252E-02
           4.52   2.5110652E-02
           4.53   2.5041051E-02
           4.54   2.4971454E-02
           4.55   2.4901852E-02
           4.56   2.4832255E-02
           4.57   2.4762654E-02
           4.58   2.4693057E-02
           4.59   2.4623454E-02
            4.6   2.4553859E-02
           4.61   2.4484256E-02
           4.62   2.4414661E-02
           4.63   2.4345058E-02
           4.64   2.4275463E-02
           4.65   2.4205860E-02
           4.66   2.4137990E-02
           4.67   2.4071963E-02
           4.68   2.4005942E-02
           4.69   2.3939917E-02
            4.7   2.3873894E-02
           4.71   2.3807869E-02
           4.72   2.3741847E-02
           4.73   2.3675822E-02
           4.74   2.3609799E-02
           4.75   2.3543776E-02
           4.76   2.3477750E-02
           4.77   2.3411727E-02
           4.78   2.3345702E-02
           4.79   2.3279681E-02
            4.8   2.3213655E-02
           4.81   2.3147634E-02
           4.82   2.3081609E-02
           4.83   2.3016506E-02
           4.84   2.2954297E-02
           4.85   2.2892091E-02
           4.86   2.2829882E-02
           4.87   2.2767673E-02
           4.88   2.2705464E-02
           4.89   2.2643258E-02
            4.9   2.2581047E-02
           4.91   2.2518840E-02
           4.92   2.2456631E-02
           4.93   2.2394424E-02
           4.94   2.2332213E-02
           4.95   2.2270007E-02
           4.96   2.2207798E-02
           4.97   2.2145589E-02
           4.98   2.2083380E-02
           4.99   2.2021175E-02
              5   2.1958964E-02
           5.01   2.1900254E-02
           5.02   2.1841547E-02
           5.03   2.1782837E-02
           5.04   2.1724131E-02
           5.05   2.1665420E-02
           5.06   2.1606715E-02
           5.07   2.1548005E-02
           5.08   2.1489298E-02
           5.09   2.1430591E-02
            5.1   2.1371884E-02
           5.11   2.1313175E-02
           5.12   2.1254468E-02
           5.13   2.1195759E-02
           5.14   2.1137052E-02
           5.15   2.1078345E-02
           5.16   2.1019639E-02
           5.17   2.0960930E-02
           5.18   2.0904379E-02
           5.19   2.0848511E-02
            5.2   2.0792646E-02
           5.21   2.0736779E-02
           5.22   2.0680915E-02
           5.23   2.0625047E-02
           5.24   2.0569183E-02
           5.25   2.0513315E-02
           5.26   2.0457448E-02
           5.27   2.0401584E-02
           5.28   2.0345716E-02
           5.29   2.0289853E-02
            5.3   2.0233985E-02
           5.31   2.0178122E-02
           5.32   2.0122254E-02
           5.33   2.0066391E-02
           5.34   2.0010523E-02
           5.35   1.9955892E-02
           5.36   1.9902408E-02
           5.37   1.9848928E-02
           5.38   1.9795444E-02
           5.39   1.9741963E-02
            5.4   1.9688479E-02
           5.41   1.9634997E-02
           5.42   1.9581513E-02
           5.43   1.9528033E-02
           5.44   1.9474548E-02
           5.45   1.9421066E-02
           5.46   1.9367582E-02
           5.47   1.9314102E-02
           5.48   1.9260618E-02
           5.49   1.9207137E-02
            5.5   1.9153653E-02
           5.51   1.9100169E-02
           5.52   1.9047372E-02
           5.53   1.8996368E-02
           5.54   1.8945366E-02
           5.55   1.8894362E-02
           5.56   1.8843360E-02
           5.57   1.8792358E-02
           5.58   1.8741355E-02
           5.59   1.8690351E-02
            5.6   1.8639351E-02
           5.61   1.8588346E-02
           5.62   1.8537344E-02
           5.63   1.8486341E-02
           5.64   1.8435342E-02
           5.65   1.8384338E-02
           5.66   1.8333337E-02
           5.67   1.8282334E-02
           5.68   1.8231333E-02
           5.69   1.8180432E-02
            5.7   1.8132404E-02
           5.71   1.8084376E-02
           5.72   1.8036348E-02
           5.73   1.7988318E-02
           5.74   1.7940292E-02
           5.75   1.7892264E-02
           5.76   1.7844234E-02
           5.77   1.7796206E-02
           5.78   1.7748178E-02
           5.79   1.7700151E-02
            5.8   1.7652121E-02
           5.81   1.7604096E-02
           5.82   1.7556068E-02
           5.83   1.7508041E-02
           5.84   1.7460012E-02
           5.85   1.7411986E-02
           5.86   1.7363957E-02
           5.87   1.7318599E-02
           5.88   1.7273933E-02
           5.89   1.7229270E-02
            5.9   1.7184604E-02
           5.91   1.7139942E-02
           5.92   1.7095276E-02
           5.93   1.7050614E-02
           5.94   1.7005948E-02
           5.95   1.6961285E-02
           5.96   1.6916619E-02
           5.97   1.6871957E-02
           5.98   1.6827289E-02
           5.99   1.6782625E-02
              6   1.6737961E-02
           6.01   1.6693297E-02
           6.02   1.6648633E-02
           6.03   1.6603967E-02
           6.04   1.6561099E-02
           6.05   1.6519688E-02
           6.06   1.6478279E-02
           6.07   1.6436867E-02
           6.08   1.6395460E-02
           6.09   1.6354049E-02
            6.1   1.6312639E-02
           6.11   1.6271228E-02
           6.12   1.6229819E-02
           6.13   1.6188408E-02
           6.14   1.6147001E-02
           6.15   1.6105590E-02
           6.16   1.6064182E-02
           6.17   1.6022771E-02
           6.18   1.5981362E-02
           6.19   1.5939952E-02
            6.2   1.5898545E-02
           6.21   1.5857962E-02
           6.22   1.5819226E-02
           6.23   1.5780487E-02
           6.24   1.5741748E-02
           6.25   1.5703010E-02
           6.26   1.5664271E-02
           6.27   1.5625533E-02
           6.28   1.5586795E-02
           6.29   1.5548058E-02
            6.3   1.5509320E-02
           6.31   1.5470585E-02
           6.32   1.5431845E-02
           6.33   1.5393110E-02
           6.34   1.5354372E-02
           6.35   1.5315637E-02
           6.36   1.5276898E-02
           6.37   1.5238163E-02
           6.38   1.5199566E-02
           6.39   1.5162843E-02
            6.4   1.5126117E-02
           6.41   1.5089395E-02
           6.42   1.5052670E-02
           6.43   1.5015947E-02
           6.44   1.4979223E-02
           6.45   1.4942500E-02
           6.46   1.4905776E-02
           6.47   1.4869053E-02
           6.48   1.4832330E-02
           6.49   1.4795607E-02
            6.5   1.4758883E-02
           6.51   1.4722160E-02
           6.52   1.4685437E-02
           6.53   1.4648714E-02
           6.54   1.4611992E-02
           6.55   1.4575268E-02
           6.56   1.4539982E-02
           6.57   1.4504992E-02
           6.58   1.4470003E-02
           6.59   1.4435014E-02
            6.6   1.4400026E-02
           6.61   1.4365037E-02
           6.62   1.4330048E-02
           6.63   1.4295058E-02
           6.64   1.4260070E-02
           6.65   1.4225080E-02
           6.66   1.4190091E-02
           6.67   1.4155103E-02
           6.68   1.4120114E-02
           6.69   1.4085125E-02
            6.7   1.4050136E-02
           6.71   1.4015146E-02
           6.72   1.3980159E-02
           6.73   1.3946328E-02
           6.74   1.3913315E-02
           6.75   1.3880302E-02
           6.76   1.3847290E-02
           6.77   1.3814278E-02
           6.78   1.3781265E-02
           6.79   1.3748253E-02
            6.8   1.3715240E-02
           6.81   1.3682228E-02
           6.82   1.3649214E-02
           6.83   1.3616204E-02
           6.84   1.3583191E-02
           6.85   1.3550179E-02
           6.86   1.3517166E-02
           6.87   1.3484155E-02
           6.88   1.3451143E-02
           6.89   1.3418131E-02
            6.9   1.3385953E-02
           6.91   1.3355365E-02
           6.92   1.3324775E-02
           6.93   1.3294188E-02
           6.94   1.3263597E-02
           6.95   1.3233009E-02
           6.96   1.3202420E-02
           6.97   1.3171831E-02
           6.98   1.3141241E-02
           6.99   1.3110653E-02
              7   1.3080063E-02
           7.01   1.3049474E-02
           7.02   1.3018886E-02
           7.03   1.2988296E-02
           7.04   1.2957708E-02
           7.05   1.2927118E-02
           7.06   1.2896530E-02
           7.07   1.2866204E-02
           7.08   1.2838165E-02
           7.09   1.2810125E-02
            7.1   1.2782086E-02
           7.11   1.2754044E-02
           7.12   1.2726005E-02
           7.13   1.2697966E-02
           7.14   1.2669926E-02
           7.15   1.2641885E-02
           7.16   1.2613848E-02
           7.17   1.2585807E-02
           7.18   1.2557768E-02
           7.19   1.2529728E-02
            7.2   1.2501689E-02
           7.21   1.2473648E-02
           7.22   1.2445610E-02
           7.23   1.2417570E-02
           7.24   1.2389531E-02
           7.25   1.2363305E-02
           7.26   1.2337369E-02
           7.27   1.2311434E-02
           7.28   1.2285499E-02
           7.29   1.2259564E-02
            7.3   1.2233629E-02
           7.31   1.2207695E-02
           7.32   1.2181760E-02
           7.33   1.2155825E-02
           7.34   1.2129891E-02
           7.35   1.2103957E-02
           7.36   1.2078022E-02
           7.37   1.2052089E-02
           7.38   1.2026154E-02
           7.39   1.2000220E-02
            7.4   1.1974286E-02
           7.41   1.1948353E-02
           7.42   1.1923282E-02
           7.43   1.1898743E-02
           7.44   1.1874201E-02
           7.45   1.1849660E-02
           7.46   1.1825119E-02
           7.47   1.1800579E-02
           7.48   1.1776038E-02
           7.49   1.1751496E-02
            7.5   1.1726956E-02
           7.51   1.1702415E-02
           7.52   1.1677874E-02
           7.53   1.1653333E-02
           7.54   1.1628792E-02
           7.55   1.1604251E-02
           7.56   1.1579711E-02
           7.57   1.1555169E-02
           7.58   1.1530629E-02
           7.59   1.1506481E-02
            7.6   1.1482978E-02
           7.61   1.1459475E-02
           7.62   1.1435973E-02
           7.63   1.1412469E-02
           7.64   1.1388968E-02
           7.65   1.1365464E-02
           7.66   1.1341963E-02
           7.67   1.1318460E-02
           7.68   1.1294959E-02
           7.69   1.1271456E-02
            7.7   1.1247956E-02
           7.71   1.1224453E-02
           7.72   1.1200953E-02
           7.73   1.1177451E-02
           7.74   1.1153952E-02
           7.75   1.1130450E-02
           7.76   1.1107135E-02
           7.77   1.1084978E-02
           7.78   1.1062821E-02
           7.79   1.1040665E-02
            7.8   1.1018509E-02
           7.81   1.0996355E-02
           7.82   1.0974199E-02
           7.83   1.0952045E-02
           7.84   1.0929891E-02
           7.85   1.0907737E-02
           7.86   1.0885584E-02
           7.87   1.0863433E-02
           7.88   1.0841279E-02
           7.89   1.0819128E-02
            7.9   1.0796976E-02
           7.91   1.0774825E-02
           7.92   1.0752674E-02
           7.93   1.0730525E-02
           7.94   1.0710092E-02
           7.95   1.0689859E-02
           7.96   1.0669624E-02
           7.97   1.0649392E-02
           7.98   1.0629157E-02
           7.99   1.0608924E-02
              8   1.0588691E-02
           8.01   1.0568457E-02
           8.02   1.0548224E-02
           8.03   1.0527993E-02
           8.04   1.0507759E-02
           8.05   1.0487526E-02
           8.06   1.0467292E-02
           8.07   1.0447063E-02
           8.08   1.0426829E-02
           8.09   1.0406597E-02
            8.1   1.0386365E-02
           8.11   1.0367490E-02
           8.12   1.0349326E-02
           8.13   1.0331162E-02
           8.14   1.0312997E-02
           8.15   1.0294835E-02
           8.16   1.0276671E-02
           8.17   1.0258507E-02
           8.18   1.0240342E-02
           8.19   1.0222180E-02
            8.2   1.0204016E-02
           8.21   1.0185852E-02
           8.22   1.0167688E-02
           8.23   1.0149525E-02
           8.24   1.0131362E-02
           8.25   1.0113198E-02
           8.26   1.0095035E-02
           8.27   1.0076869E-02
           8.28   1.0059353E-02
           8.29   1.0042748E-02
            8.3   1.0026142E-02
           8.31   1.0009537E-02
           8.32   9.9929333E-03
           8.33   9.9763280E-03
           8.34   9.9597228E-03
           8.35   9.9431177E-03
           8.36   9.9265146E-03
           8.37   9.9099106E-03
           8.38   9.8933059E-03
           8.39   9.8767012E-03
            8.4   9.8600986E-03
           8.41   9.8434951E-03
           8.42   9.8268907E-03
           8.43   9.8102865E-03
           8.44   9.7936843E-03
           8.45   9.7772256E-03
           8.46   9.7614678E-03
           8.47   9.7457100E-03
           8.48   9.7299541E-03
           8.49   9.7141963E-03
            8.5   9.6984385E-03
           8.51   9.6826807E-03
           8.52   9.6669229E-03
           8.53   9.6511669E-03
           8.54   9.6354091E-03
           8.55   9.6196514E-03
           8.56   9.6038936E-03
           8.57   9.5881367E-03
           8.58   9.5723790E-03
           8.59   9.5566212E-03
            8.6   9.5408634E-03
           8.61   9.5251075E-03
           8.62   9.5093498E-03
           8.63   9.4942080E-03
           8.64   9.4791119E-03
           8.65   9.4640168E-03
           8.66   9.4489209E-03
           8.67   9.4338250E-03
           8.68   9.4187292E-03
           8.69   9.4036344E-03
            8.7   9.3885387E-03
           8.71   9.3734431E-03
           8.72   9.3583475E-03
           8.73   9.3432538E-03
           8.74   9.3281584E-03
           8.75   9.3130630E-03
           8.76   9.2979677E-03
           8.77   9.2828715E-03
           8.78   9.2677782E-03
           8.79   9.2526822E-03
            8.8   9.2384109E-03
           8.81   9.2245089E-03
           8.82   9.2106087E-03
           8.83   9.1967057E-03
           8.84   9.1828037E-03
           8.85   9.1689016E-03
           8.86   9.1550015E-03
           8.87   9.1410994E-03
           8.88   9.1271965E-03
           8.89   9.1132954E-03
            8.9   9.0993943E-03
           8.91   9.0854923E-03
           8.92   9.0715902E-03
           8.93   9.0576882E-03
           8.94   9.0437881E-03
           8.95   9.0298851E-03
           8.96   9.0159840E-03
           8.97   9.0028191E-03
           8.98   8.9905636E-03
           8.99   8.9783067E-03
              9   8.9660521E-03
           9.01   8.9537961E-03
           9.02   8.9415406E-03
           9.03   8.9292874E-03
           9.04   8.9170338E-03
           9.05   8.9047806E-03
           9.06   8.8925270E-03
           9.07   8.8802757E-03
           9.08   8.8680240E-03
           9.09   8.8557727E-03
            9.1   8.8435219E-03
           9.11   8.8312725E-03
           9.12   8.8190218E-03
           9.13   8.8067725E-03
           9.14   8.7947667E-03
           9.15   8.7836935E-03
           9.16   8.7726198E-03
           9.17   8.7615476E-03
           9.18   8.7504739E-03
           9.19   8.7394026E-03
            9.2   8.7283308E-03
           9.21   8.7172595E-03
           9.22   8.7061896E-03
           9.23   8.6951202E-03
           9.24   8.6840504E-03
           9.25   8.6729810E-03
           9.26   8.6619121E-03
           9.27   8.6508437E-03
           9.28   8.6397777E-03
           9.29   8.6287102E-03
            9.3   8.6176433E-03
           9.31   8.6065769E-03
           9.32   8.5961274E-03
           9.33   8.5856979E-03
           9.34   8.5752685E-03
           9.35   8.5648403E-03
           9.36   8.5544122E-03
           9.37   8.5439843E-03
           9.38   8.5335567E-03
           9.39   8.5231282E-03
            9.4   8.5127018E-03
           9.41   8.5022738E-03
           9.42   8.4918459E-03
           9.43   8.4814201E-03
           9.44   8.4709935E-03
           9.45   8.4605671E-03
           9.46   8.4501400E-03
           9.47   8.4397131E-03
           9.48   8.4292882E-03
           9.49   8.4197993E-03
            9.5   8.4106670E-03
           9.51   8.4015383E-03
           9.52   8.3924096E-03
           9.53   8.3832845E-03
           9.54   8.3741612E-03
           9.55   8.3650379E-03
           9.56   8.3559182E-03
           9.57   8.3468003E-03
           9.58   8.3376824E-03
           9.59   8.3285682E-03
            9.6   8.3194540E-03
           9.61   8.3103434E-03
           9.62   8.3012347E-03
           9.63   8.2921260E-03
           9.64   8.2830210E-03
           9.65   8.2739179E-03
           9.66   8.2654907E-03
           9.67   8.2577877E-03
           9.68   8.2500852E-03
           9.69   8.2423839E-03
            9.7   8.2346820E-03
           9.71   8.2269805E-03
           9.72   8.2192803E-03
           9.73   8.2115795E-03
           9.74   8.2038790E-03
           9.75   8.1961790E-03
           9.76   8.1884792E-03
           9.77   8.1807808E-03
           9.78   8.1730828E-03
           9.79   8.1653841E-03
            9.8   8.1576859E-03
           9.81   8.1499880E-03
           9.82   8.1422914E-03
           9.83   8.1355782E-03
           9.84   8.1319565E-03
           9.85   8.1283343E-03
           9.86   8.1247146E-03
           9.87   8.1210954E-03
           9.88   8.1174748E-03
           9.89   8.1138558E-03
            9.9   8.1102372E-03
           9.91   8.1066192E-03
           9.92   8.1030017E-03
           9.93   8.0993857E-03
           9.94   8.0957683E-03
           9.95   8.0921534E-03
           9.96   8.0885371E-03
           9.97   8.0849232E-03
           9.98   8.0813090E-03
           9.99   8.0776952E-03
             10   8.0740821E-03
