# Version 1.0
# tree entry: B-Field (Ms)_Abs (Y)

              0   7.0343033E-02
           0.01   6.9641896E-02
           0.02   6.8940759E-02
           0.03   6.8239614E-02
           0.04   6.7538478E-02
           0.05   6.6837341E-02
           0.06   6.6136204E-02
           0.07   6.5435067E-02
           0.08   6.4733930E-02
           0.09   6.4032786E-02
            0.1   6.3331649E-02
           0.11   6.2630513E-02
           0.12   6.1929376E-02
           0.13   6.1228239E-02
           0.14   6.0527099E-02
           0.15   5.9825958E-02
           0.16   5.9124822E-02
           0.17   5.8423685E-02
           0.18   5.7722545E-02
           0.19   5.7021408E-02
            0.2   5.6508249E-02
           0.21   5.6051488E-02
           0.22   5.5594722E-02
           0.23   5.5137961E-02
           0.24   5.4681195E-02
           0.25   5.4224434E-02
           0.26   5.3767668E-02
           0.27   5.3310907E-02
           0.28   5.2854141E-02
           0.29   5.2397380E-02
            0.3   5.1940614E-02
           0.31   5.1483853E-02
           0.32   5.1027087E-02
           0.33   5.0570326E-02
           0.34   5.0113560E-02
           0.35   4.9656799E-02
           0.36   4.9200033E-02
           0.37   4.8743272E-02
           0.38   4.8286506E-02
           0.39   4.7933330E-02
            0.4   4.7668942E-02
           0.41   4.7404555E-02
           0.42   4.7140167E-02
           0.43   4.6875779E-02
           0.44   4.6611392E-02
           0.45   4.6347004E-02
           0.46   4.6082613E-02
           0.47   4.5818225E-02
           0.48   4.5553838E-02
           0.49   4.5289450E-02
            0.5   4.5025063E-02
           0.51   4.4760675E-02
           0.52   4.4496288E-02
           0.53   4.4231900E-02
           0.54   4.3967513E-02
           0.55   4.3703125E-02
           0.56   4.3438738E-02
           0.57   4.3174351E-02
           0.58   4.2951366E-02
           0.59   4.2821543E-02
            0.6   4.2691720E-02
           0.61   4.2561897E-02
           0.62   4.2432074E-02
           0.63   4.2302255E-02
           0.64   4.2172432E-02
           0.65   4.2042610E-02
           0.66   4.1912787E-02
           0.67   4.1782964E-02
           0.68   4.1653142E-02
           0.69   4.1523319E-02
            0.7   4.1393497E-02
           0.71   4.1263674E-02
           0.72   4.1133852E-02
           0.73   4.1004030E-02
           0.74   4.0874207E-02
           0.75   4.0744385E-02
           0.76   4.0614563E-02
           0.77   4.0491234E-02
           0.78   4.0445798E-02
           0.79   4.0400362E-02
            0.8   4.0354926E-02
           0.81   4.0309490E-02
           0.82   4.0264054E-02
           0.83   4.0218622E-02
           0.84   4.0173187E-02
           0.85   4.0127752E-02
           0.86   4.0082317E-02
           0.87   4.0036882E-02
           0.88   3.9991447E-02
           0.89   3.9946012E-02
            0.9   3.9900581E-02
           0.91   3.9855147E-02
           0.92   3.9809713E-02
           0.93   3.9764279E-02
           0.94   3.9718845E-02
           0.95   3.9673411E-02
           0.96   3.9627978E-02
           0.97   3.9621829E-02
           0.98   3.9622821E-02
           0.99   3.9623813E-02
              1   3.9624805E-02
           1.01   3.9625797E-02
           1.02   3.9626789E-02
           1.03   3.9627782E-02
           1.04   3.9628774E-02
           1.05   3.9629770E-02
           1.06   3.9630763E-02
           1.07   3.9631755E-02
           1.08   3.9632748E-02
           1.09   3.9633741E-02
            1.1   3.9634734E-02
           1.11   3.9635727E-02
           1.12   3.9636720E-02
           1.13   3.9637713E-02
           1.14   3.9638706E-02
           1.15   3.9639699E-02
           1.16   3.9651802E-02
           1.17   3.9670845E-02
           1.18   3.9689888E-02
           1.19   3.9708934E-02
            1.2   3.9727977E-02
           1.21   3.9747020E-02
           1.22   3.9766063E-02
           1.23   3.9785107E-02
           1.24   3.9804150E-02
           1.25   3.9823193E-02
           1.26   3.9842240E-02
           1.27   3.9861283E-02
           1.28   3.9880326E-02
           1.29   3.9899370E-02
            1.3   3.9918413E-02
           1.31   3.9937460E-02
           1.32   3.9956504E-02
           1.33   3.9975547E-02
           1.34   3.9994591E-02
           1.35   4.0013795E-02
           1.36   4.0033252E-02
           1.37   4.0052709E-02
           1.38   4.0072167E-02
           1.39   4.0091628E-02
            1.4   4.0111085E-02
           1.41   4.0130542E-02
           1.42   4.0150000E-02
           1.43   4.0169457E-02
           1.44   4.0188918E-02
           1.45   4.0208376E-02
           1.46   4.0227833E-02
           1.47   4.0247291E-02
           1.48   4.0266748E-02
           1.49   4.0286209E-02
            1.5   4.0305667E-02
           1.51   4.0325124E-02
           1.52   4.0344582E-02
           1.53   4.0364039E-02
           1.54   4.0382249E-02
           1.55   4.0393588E-02
           1.56   4.0404928E-02
           1.57   4.0416271E-02
           1.58   4.0427611E-02
           1.59   4.0438950E-02
            1.6   4.0450290E-02
           1.61   4.0461629E-02
           1.62   4.0472969E-02
           1.63   4.0484309E-02
           1.64   4.0495648E-02
           1.65   4.0506988E-02
           1.66   4.0518327E-02
           1.67   4.0529667E-02
           1.68   4.0541007E-02
           1.69   4.0552350E-02
            1.7   4.0563690E-02
           1.71   4.0575029E-02
           1.72   4.0586369E-02
           1.73   4.0597709E-02
           1.74   4.0597332E-02
           1.75   4.0595980E-02
           1.76   4.0594627E-02
           1.77   4.0593275E-02
           1.78   4.0591926E-02
           1.79   4.0590574E-02
            1.8   4.0589222E-02
           1.81   4.0587869E-02
           1.82   4.0586517E-02
           1.83   4.0585165E-02
           1.84   4.0583812E-02
           1.85   4.0582464E-02
           1.86   4.0581111E-02
           1.87   4.0579759E-02
           1.88   4.0578407E-02
           1.89   4.0577055E-02
            1.9   4.0575703E-02
           1.91   4.0574354E-02
           1.92   4.0573002E-02
           1.93   4.0561934E-02
           1.94   4.0546553E-02
           1.95   4.0531171E-02
           1.96   4.0515789E-02
           1.97   4.0500408E-02
           1.98   4.0485026E-02
           1.99   4.0469644E-02
              2   4.0454263E-02
           2.01   4.0438881E-02
           2.02   4.0423500E-02
           2.03   4.0408118E-02
           2.04   4.0392736E-02
           2.05   4.0377355E-02
           2.06   4.0361973E-02
           2.07   4.0346592E-02
           2.08   4.0331210E-02
           2.09   4.0315829E-02
            2.1   4.0300447E-02
           2.11   4.0285065E-02
           2.12   4.0263601E-02
           2.13   4.0235039E-02
           2.14   4.0206482E-02
           2.15   4.0177920E-02
           2.16   4.0149359E-02
           2.17   4.0120798E-02
           2.18   4.0092236E-02
           2.19   4.0063675E-02
            2.2   4.0035114E-02
           2.21   4.0006552E-02
           2.22   3.9977995E-02
           2.23   3.9949434E-02
           2.24   3.9920873E-02
           2.25   3.9892312E-02
           2.26   3.9863750E-02
           2.27   3.9835189E-02
           2.28   3.9806628E-02
           2.29   3.9778067E-02
            2.3   3.9749510E-02
           2.31   3.9718181E-02
           2.32   3.9677639E-02
           2.33   3.9637093E-02
           2.34   3.9596548E-02
           2.35   3.9556006E-02
           2.36   3.9515460E-02
           2.37   3.9474915E-02
           2.38   3.9434369E-02
           2.39   3.9393827E-02
            2.4   3.9353282E-02
           2.41   3.9312736E-02
           2.42   3.9272194E-02
           2.43   3.9231649E-02
           2.44   3.9191103E-02
           2.45   3.9150558E-02
           2.46   3.9110016E-02
           2.47   3.9069470E-02
           2.48   3.9028925E-02
           2.49   3.8988383E-02
            2.5   3.8947838E-02
           2.51   3.8896994E-02
           2.52   3.8846150E-02
           2.53   3.8795307E-02
           2.54   3.8744463E-02
           2.55   3.8693616E-02
           2.56   3.8642772E-02
           2.57   3.8591928E-02
           2.58   3.8541085E-02
           2.59   3.8490241E-02
            2.6   3.8439398E-02
           2.61   3.8388554E-02
           2.62   3.8337711E-02
           2.63   3.8286864E-02
           2.64   3.8236020E-02
           2.65   3.8185177E-02
           2.66   3.8134333E-02
           2.67   3.8083490E-02
           2.68   3.8032647E-02
           2.69   3.7981803E-02
            2.7   3.7925048E-02
           2.71   3.7866523E-02
           2.72   3.7807998E-02
           2.73   3.7749469E-02
           2.74   3.7690944E-02
           2.75   3.7632419E-02
           2.76   3.7573894E-02
           2.77   3.7515369E-02
           2.78   3.7456841E-02
           2.79   3.7398316E-02
            2.8   3.7339791E-02
           2.81   3.7281267E-02
           2.82   3.7222738E-02
           2.83   3.7164214E-02
           2.84   3.7105689E-02
           2.85   3.7047165E-02
           2.86   3.6988640E-02
           2.87   3.6930112E-02
           2.88   3.6871588E-02
           2.89   3.6810340E-02
            2.9   3.6746764E-02
           2.91   3.6683189E-02
           2.92   3.6619613E-02
           2.93   3.6556033E-02
           2.94   3.6492457E-02
           2.95   3.6428882E-02
           2.96   3.6365302E-02
           2.97   3.6301726E-02
           2.98   3.6238151E-02
           2.99   3.6174575E-02
              3   3.6110995E-02
           3.01   3.6047419E-02
           3.02   3.5983844E-02
           3.03   3.5920264E-02
           3.04   3.5856688E-02
           3.05   3.5793113E-02
           3.06   3.5729537E-02
           3.07   3.5665957E-02
           3.08   3.5601372E-02
           3.09   3.5534522E-02
            3.1   3.5467668E-02
           3.11   3.5400814E-02
           3.12   3.5333960E-02
           3.13   3.5267105E-02
           3.14   3.5200251E-02
           3.15   3.5133397E-02
           3.16   3.5066547E-02
           3.17   3.4999693E-02
           3.18   3.4932839E-02
           3.19   3.4865985E-02
            3.2   3.4799131E-02
           3.21   3.4732280E-02
           3.22   3.4665426E-02
           3.23   3.4598572E-02
           3.24   3.4531718E-02
           3.25   3.4464864E-02
           3.26   3.4398013E-02
           3.27   3.4330999E-02
           3.28   3.4262089E-02
           3.29   3.4193178E-02
            3.3   3.4124268E-02
           3.31   3.4055358E-02
           3.32   3.3986447E-02
           3.33   3.3917537E-02
           3.34   3.3848627E-02
           3.35   3.3779712E-02
           3.36   3.3710802E-02
           3.37   3.3641892E-02
           3.38   3.3572981E-02
           3.39   3.3504071E-02
            3.4   3.3435161E-02
           3.41   3.3366246E-02
           3.42   3.3297336E-02
           3.43   3.3228426E-02
           3.44   3.3159515E-02
           3.45   3.3090605E-02
           3.46   3.3021695E-02
           3.47   3.2952080E-02
           3.48   3.2882339E-02
           3.49   3.2812598E-02
            3.5   3.2742853E-02
           3.51   3.2673112E-02
           3.52   3.2603371E-02
           3.53   3.2533630E-02
           3.54   3.2463885E-02
           3.55   3.2394144E-02
           3.56   3.2324403E-02
           3.57   3.2254662E-02
           3.58   3.2184921E-02
           3.59   3.2115176E-02
            3.6   3.2045435E-02
           3.61   3.1975694E-02
           3.62   3.1905953E-02
           3.63   3.1836209E-02
           3.64   3.1766468E-02
           3.65   3.1696727E-02
           3.66   3.1627175E-02
           3.67   3.1557743E-02
           3.68   3.1488311E-02
           3.69   3.1418883E-02
            3.7   3.1349451E-02
           3.71   3.1280023E-02
           3.72   3.1210591E-02
           3.73   3.1141160E-02
           3.74   3.1071728E-02
           3.75   3.1002298E-02
           3.76   3.0932868E-02
           3.77   3.0863436E-02
           3.78   3.0794006E-02
           3.79   3.0724576E-02
            3.8   3.0655146E-02
           3.81   3.0585714E-02
           3.82   3.0516284E-02
           3.83   3.0446853E-02
           3.84   3.0377423E-02
           3.85   3.0308377E-02
           3.86   3.0239943E-02
           3.87   3.0171511E-02
           3.88   3.0103078E-02
           3.89   3.0034646E-02
            3.9   2.9966214E-02
           3.91   2.9897782E-02
           3.92   2.9829350E-02
           3.93   2.9760919E-02
           3.94   2.9692487E-02
           3.95   2.9624055E-02
           3.96   2.9555624E-02
           3.97   2.9487192E-02
           3.98   2.9418761E-02
           3.99   2.9350329E-02
              4   2.9281897E-02
           4.01   2.9213464E-02
           4.02   2.9145034E-02
           4.03   2.9076601E-02
           4.04   2.9008367E-02
           4.05   2.8941210E-02
           4.06   2.8874054E-02
           4.07   2.8806897E-02
           4.08   2.8739743E-02
           4.09   2.8672584E-02
            4.1   2.8605430E-02
           4.11   2.8538272E-02
           4.12   2.8471117E-02
           4.13   2.8403960E-02
           4.14   2.8336806E-02
           4.15   2.8269649E-02
           4.16   2.8202493E-02
           4.17   2.8135336E-02
           4.18   2.8068182E-02
           4.19   2.8001023E-02
            4.2   2.7933870E-02
           4.21   2.7866712E-02
           4.22   2.7799557E-02
           4.23   2.7732400E-02
           4.24   2.7666669E-02
           4.25   2.7601053E-02
           4.26   2.7535436E-02
           4.27   2.7469824E-02
           4.28   2.7404209E-02
           4.29   2.7338595E-02
            4.3   2.7272979E-02
           4.31   2.7207366E-02
           4.32   2.7141750E-02
           4.33   2.7076138E-02
           4.34   2.7010521E-02
           4.35   2.6944909E-02
           4.36   2.6879294E-02
           4.37   2.6813680E-02
           4.38   2.6748065E-02
           4.39   2.6682451E-02
            4.4   2.6616835E-02
           4.41   2.6551222E-02
           4.42   2.6485606E-02
           4.43   2.6421387E-02
           4.44   2.6357787E-02
           4.45   2.6294188E-02
           4.46   2.6230586E-02
           4.47   2.6166987E-02
           4.48   2.6103385E-02
           4.49   2.6039786E-02
            4.5   2.5976184E-02
           4.51   2.5912582E-02
           4.52   2.5848983E-02
           4.53   2.5785383E-02
           4.54   2.5721783E-02
           4.55   2.5658182E-02
           4.56   2.5594584E-02
           4.57   2.5530982E-02
           4.58   2.5467383E-02
           4.59   2.5403781E-02
            4.6   2.5340183E-02
           4.61   2.5276581E-02
           4.62   2.5214154E-02
           4.63   2.5153089E-02
           4.64   2.5092028E-02
           4.65   2.5030962E-02
           4.66   2.4969901E-02
           4.67   2.4908836E-02
           4.68   2.4847775E-02
           4.69   2.4786710E-02
            4.7   2.4725649E-02
           4.71   2.4664584E-02
           4.72   2.4603523E-02
           4.73   2.4542458E-02
           4.74   2.4481397E-02
           4.75   2.4420332E-02
           4.76   2.4359269E-02
           4.77   2.4298206E-02
           4.78   2.4237143E-02
           4.79   2.4176082E-02
            4.8   2.4115017E-02
           4.81   2.4054614E-02
           4.82   2.3996404E-02
           4.83   2.3938197E-02
           4.84   2.3879985E-02
           4.85   2.3821778E-02
           4.86   2.3763569E-02
           4.87   2.3705361E-02
           4.88   2.3647150E-02
           4.89   2.3588944E-02
            4.9   2.3530733E-02
           4.91   2.3472525E-02
           4.92   2.3414316E-02
           4.93   2.3356109E-02
           4.94   2.3297897E-02
           4.95   2.3239690E-02
           4.96   2.3181481E-02
           4.97   2.3123273E-02
           4.98   2.3065062E-02
           4.99   2.3006855E-02
              5   2.2948645E-02
           5.01   2.2893338E-02
           5.02   2.2838034E-02
           5.03   2.2782726E-02
           5.04   2.2727422E-02
           5.05   2.2672117E-02
           5.06   2.2616811E-02
           5.07   2.2561505E-02
           5.08   2.2506200E-02
           5.09   2.2450894E-02
            5.1   2.2395588E-02
           5.11   2.2340283E-02
           5.12   2.2284979E-02
           5.13   2.2229671E-02
           5.14   2.2174367E-02
           5.15   2.2119060E-02
           5.16   2.2063756E-02
           5.17   2.2008448E-02
           5.18   2.1953145E-02
           5.19   2.1897837E-02
            5.2   2.1844683E-02
           5.21   2.1792171E-02
           5.22   2.1739663E-02
           5.23   2.1687151E-02
           5.24   2.1634641E-02
           5.25   2.1582129E-02
           5.26   2.1529617E-02
           5.27   2.1477107E-02
           5.28   2.1424595E-02
           5.29   2.1372087E-02
            5.3   2.1319575E-02
           5.31   2.1267065E-02
           5.32   2.1214553E-02
           5.33   2.1162043E-02
           5.34   2.1109532E-02
           5.35   2.1057024E-02
           5.36   2.1004512E-02
           5.37   2.0952002E-02
           5.38   2.0899490E-02
           5.39   2.0848409E-02
            5.4   2.0798548E-02
           5.41   2.0748690E-02
           5.42   2.0698829E-02
           5.43   2.0648972E-02
           5.44   2.0599110E-02
           5.45   2.0549253E-02
           5.46   2.0499392E-02
           5.47   2.0449534E-02
           5.48   2.0399673E-02
           5.49   2.0349814E-02
            5.5   2.0299955E-02
           5.51   2.0250094E-02
           5.52   2.0200236E-02
           5.53   2.0150375E-02
           5.54   2.0100518E-02
           5.55   2.0050657E-02
           5.56   2.0000798E-02
           5.57   1.9950939E-02
           5.58   1.9901860E-02
           5.59   1.9854536E-02
            5.6   1.9807213E-02
           5.61   1.9759889E-02
           5.62   1.9712567E-02
           5.63   1.9665241E-02
           5.64   1.9617919E-02
           5.65   1.9570595E-02
           5.66   1.9523272E-02
           5.67   1.9475948E-02
           5.68   1.9428626E-02
           5.69   1.9381300E-02
            5.7   1.9333978E-02
           5.71   1.9286654E-02
           5.72   1.9239331E-02
           5.73   1.9192007E-02
           5.74   1.9144685E-02
           5.75   1.9097359E-02
           5.76   1.9050035E-02
           5.77   1.9002905E-02
           5.78   1.8958078E-02
           5.79   1.8913254E-02
            5.8   1.8868427E-02
           5.81   1.8823604E-02
           5.82   1.8778778E-02
           5.83   1.8733953E-02
           5.84   1.8689127E-02
           5.85   1.8644302E-02
           5.86   1.8599475E-02
           5.87   1.8554653E-02
           5.88   1.8509826E-02
           5.89   1.8465001E-02
            5.9   1.8420175E-02
           5.91   1.8375350E-02
           5.92   1.8330524E-02
           5.93   1.8285701E-02
           5.94   1.8240874E-02
           5.95   1.8196050E-02
           5.96   1.8151223E-02
           5.97   1.8108576E-02
           5.98   1.8066322E-02
           5.99   1.8024071E-02
              6   1.7981817E-02
           6.01   1.7939562E-02
           6.02   1.7897312E-02
           6.03   1.7855058E-02
           6.04   1.7812807E-02
           6.05   1.7770553E-02
           6.06   1.7728300E-02
           6.07   1.7686048E-02
           6.08   1.7643796E-02
           6.09   1.7601541E-02
            6.1   1.7559291E-02
           6.11   1.7517037E-02
           6.12   1.7474786E-02
           6.13   1.7432532E-02
           6.14   1.7390280E-02
           6.15   1.7348027E-02
           6.16   1.7307436E-02
           6.17   1.7267881E-02
           6.18   1.7228328E-02
           6.19   1.7188773E-02
            6.2   1.7149220E-02
           6.21   1.7109664E-02
           6.22   1.7070111E-02
           6.23   1.7030556E-02
           6.24   1.6991003E-02
           6.25   1.6951448E-02
           6.26   1.6911892E-02
           6.27   1.6872339E-02
           6.28   1.6832784E-02
           6.29   1.6793231E-02
            6.3   1.6753676E-02
           6.31   1.6714122E-02
           6.32   1.6674567E-02
           6.33   1.6635014E-02
           6.34   1.6595459E-02
           6.35   1.6556949E-02
           6.36   1.6520106E-02
           6.37   1.6483263E-02
           6.38   1.6446418E-02
           6.39   1.6409577E-02
            6.4   1.6372732E-02
           6.41   1.6335889E-02
           6.42   1.6299046E-02
           6.43   1.6262204E-02
           6.44   1.6225361E-02
           6.45   1.6188518E-02
           6.46   1.6151674E-02
           6.47   1.6114833E-02
           6.48   1.6077988E-02
           6.49   1.6041146E-02
            6.5   1.6004303E-02
           6.51   1.5967459E-02
           6.52   1.5930618E-02
           6.53   1.5893774E-02
           6.54   1.5857313E-02
           6.55   1.5822948E-02
           6.56   1.5788586E-02
           6.57   1.5754221E-02
           6.58   1.5719858E-02
           6.59   1.5685496E-02
            6.6   1.5651134E-02
           6.61   1.5616769E-02
           6.62   1.5582407E-02
           6.63   1.5548043E-02
           6.64   1.5513682E-02
           6.65   1.5479318E-02
           6.66   1.5444956E-02
           6.67   1.5410592E-02
           6.68   1.5376232E-02
           6.69   1.5341868E-02
            6.7   1.5307506E-02
           6.71   1.5273143E-02
           6.72   1.5238783E-02
           6.73   1.5204419E-02
           6.74   1.5171991E-02
           6.75   1.5139722E-02
           6.76   1.5107454E-02
           6.77   1.5075187E-02
           6.78   1.5042918E-02
           6.79   1.5010651E-02
            6.8   1.4978382E-02
           6.81   1.4946115E-02
           6.82   1.4913847E-02
           6.83   1.4881580E-02
           6.84   1.4849311E-02
           6.85   1.4817044E-02
           6.86   1.4784776E-02
           6.87   1.4752509E-02
           6.88   1.4720241E-02
           6.89   1.4687974E-02
            6.9   1.4655705E-02
           6.91   1.4623438E-02
           6.92   1.4591170E-02
           6.93   1.4560178E-02
           6.94   1.4529752E-02
           6.95   1.4499328E-02
           6.96   1.4468901E-02
           6.97   1.4438477E-02
           6.98   1.4408051E-02
           6.99   1.4377626E-02
              7   1.4347200E-02
           7.01   1.4316774E-02
           7.02   1.4286349E-02
           7.03   1.4255923E-02
           7.04   1.4225499E-02
           7.05   1.4195073E-02
           7.06   1.4164648E-02
           7.07   1.4134222E-02
           7.08   1.4103797E-02
           7.09   1.4073371E-02
            7.1   1.4042947E-02
           7.11   1.4012522E-02
           7.12   1.3982983E-02
           7.13   1.3954476E-02
           7.14   1.3925971E-02
           7.15   1.3897465E-02
           7.16   1.3868960E-02
           7.17   1.3840454E-02
           7.18   1.3811950E-02
           7.19   1.3783444E-02
            7.2   1.3754939E-02
           7.21   1.3726433E-02
           7.22   1.3697929E-02
           7.23   1.3669423E-02
           7.24   1.3640919E-02
           7.25   1.3612414E-02
           7.26   1.3583909E-02
           7.27   1.3555405E-02
           7.28   1.3526900E-02
           7.29   1.3498396E-02
            7.3   1.3469891E-02
           7.31   1.3441884E-02
           7.32   1.3415529E-02
           7.33   1.3389175E-02
           7.34   1.3362820E-02
           7.35   1.3336466E-02
           7.36   1.3310111E-02
           7.37   1.3283756E-02
           7.38   1.3257401E-02
           7.39   1.3231047E-02
            7.4   1.3204692E-02
           7.41   1.3178338E-02
           7.42   1.3151984E-02
           7.43   1.3125631E-02
           7.44   1.3099275E-02
           7.45   1.3072922E-02
           7.46   1.3046567E-02
           7.47   1.3020213E-02
           7.48   1.2993858E-02
           7.49   1.2967504E-02
            7.5   1.2941149E-02
           7.51   1.2916923E-02
           7.52   1.2892699E-02
           7.53   1.2868473E-02
           7.54   1.2844248E-02
           7.55   1.2820023E-02
           7.56   1.2795798E-02
           7.57   1.2771572E-02
           7.58   1.2747347E-02
           7.59   1.2723122E-02
            7.6   1.2698897E-02
           7.61   1.2674672E-02
           7.62   1.2650447E-02
           7.63   1.2626222E-02
           7.64   1.2601997E-02
           7.65   1.2577772E-02
           7.66   1.2553548E-02
           7.67   1.2529322E-02
           7.68   1.2505098E-02
           7.69   1.2480873E-02
            7.7   1.2457967E-02
           7.71   1.2435456E-02
           7.72   1.2412945E-02
           7.73   1.2390434E-02
           7.74   1.2367925E-02
           7.75   1.2345413E-02
           7.76   1.2322902E-02
           7.77   1.2300392E-02
           7.78   1.2277880E-02
           7.79   1.2255371E-02
            7.8   1.2232860E-02
           7.81   1.2210350E-02
           7.82   1.2187838E-02
           7.83   1.2165329E-02
           7.84   1.2142818E-02
           7.85   1.2120308E-02
           7.86   1.2097797E-02
           7.87   1.2075288E-02
           7.88   1.2052777E-02
           7.89   1.2030953E-02
            7.9   1.2009716E-02
           7.91   1.1988481E-02
           7.92   1.1967245E-02
           7.93   1.1946011E-02
           7.94   1.1924775E-02
           7.95   1.1903541E-02
           7.96   1.1882304E-02
           7.97   1.1861070E-02
           7.98   1.1839835E-02
           7.99   1.1818601E-02
              8   1.1797366E-02
           8.01   1.1776131E-02
           8.02   1.1754896E-02
           8.03   1.1733663E-02
           8.04   1.1712429E-02
           8.05   1.1691194E-02
           8.06   1.1669960E-02
           8.07   1.1648728E-02
           8.08   1.1627886E-02
           8.09   1.1607929E-02
            8.1   1.1587971E-02
           8.11   1.1568016E-02
           8.12   1.1548060E-02
           8.13   1.1528104E-02
           8.14   1.1508148E-02
           8.15   1.1488195E-02
           8.16   1.1468240E-02
           8.17   1.1448285E-02
           8.18   1.1428331E-02
           8.19   1.1408381E-02
            8.2   1.1388427E-02
           8.21   1.1368474E-02
           8.22   1.1348522E-02
           8.23   1.1328572E-02
           8.24   1.1308620E-02
           8.25   1.1288669E-02
           8.26   1.1268719E-02
           8.27   1.1248890E-02
           8.28   1.1230524E-02
           8.29   1.1212157E-02
            8.3   1.1193790E-02
           8.31   1.1175423E-02
           8.32   1.1157058E-02
           8.33   1.1138691E-02
           8.34   1.1120325E-02
           8.35   1.1101958E-02
           8.36   1.1083593E-02
           8.37   1.1065227E-02
           8.38   1.1046861E-02
           8.39   1.1028495E-02
            8.4   1.1010131E-02
           8.41   1.0991765E-02
           8.42   1.0973400E-02
           8.43   1.0955035E-02
           8.44   1.0936671E-02
           8.45   1.0918306E-02
           8.46   1.0899940E-02
           8.47   1.0882941E-02
           8.48   1.0866191E-02
           8.49   1.0849438E-02
            8.5   1.0832687E-02
           8.51   1.0815935E-02
           8.52   1.0799184E-02
           8.53   1.0782434E-02
           8.54   1.0765682E-02
           8.55   1.0748931E-02
           8.56   1.0732179E-02
           8.57   1.0715429E-02
           8.58   1.0698678E-02
           8.59   1.0681926E-02
            8.6   1.0665175E-02
           8.61   1.0648425E-02
           8.62   1.0631673E-02
           8.63   1.0614922E-02
           8.64   1.0598171E-02
           8.65   1.0581421E-02
           8.66   1.0565451E-02
           8.67   1.0549969E-02
           8.68   1.0534487E-02
           8.69   1.0519007E-02
            8.7   1.0503525E-02
           8.71   1.0488043E-02
           8.72   1.0472562E-02
           8.73   1.0457081E-02
           8.74   1.0441600E-02
           8.75   1.0426119E-02
           8.76   1.0410636E-02
           8.77   1.0395155E-02
           8.78   1.0379675E-02
           8.79   1.0364194E-02
            8.8   1.0348712E-02
           8.81   1.0333230E-02
           8.82   1.0317751E-02
           8.83   1.0302269E-02
           8.84   1.0286788E-02
           8.85   1.0271739E-02
           8.86   1.0257381E-02
           8.87   1.0243021E-02
           8.88   1.0228663E-02
           8.89   1.0214304E-02
            8.9   1.0199947E-02
           8.91   1.0185587E-02
           8.92   1.0171229E-02
           8.93   1.0156870E-02
           8.94   1.0142512E-02
           8.95   1.0128153E-02
           8.96   1.0113795E-02
           8.97   1.0099435E-02
           8.98   1.0085078E-02
           8.99   1.0070719E-02
              9   1.0056361E-02
           9.01   1.0042001E-02
           9.02   1.0027643E-02
           9.03   1.0013285E-02
           9.04   9.9991347E-03
           9.05   9.9861305E-03
           9.06   9.9731265E-03
           9.07   9.9601236E-03
           9.08   9.9471200E-03
           9.09   9.9341166E-03
            9.1   9.9211134E-03
           9.11   9.9081123E-03
           9.12   9.8951095E-03
           9.13   9.8821069E-03
           9.14   9.8691045E-03
           9.15   9.8561032E-03
           9.16   9.8431013E-03
           9.17   9.8300995E-03
           9.18   9.8170979E-03
           9.19   9.8040985E-03
            9.2   9.7910973E-03
           9.21   9.7780964E-03
           9.22   9.7650957E-03
           9.23   9.7520961E-03
           9.24   9.7404394E-03
           9.25   9.7288939E-03
           9.26   9.7173497E-03
           9.27   9.7058049E-03
           9.28   9.6942623E-03
           9.29   9.6827191E-03
            9.3   9.6711754E-03
           9.31   9.6596329E-03
           9.32   9.6480909E-03
           9.33   9.6365491E-03
           9.34   9.6250078E-03
           9.35   9.6134658E-03
           9.36   9.6019261E-03
           9.37   9.5903849E-03
           9.38   9.5788450E-03
           9.39   9.5673055E-03
            9.4   9.5557663E-03
           9.41   9.5442276E-03
           9.42   9.5326882E-03
           9.43   9.5221875E-03
           9.44   9.5121475E-03
           9.45   9.5021065E-03
           9.46   9.4920665E-03
           9.47   9.4820256E-03
           9.48   9.4719866E-03
           9.49   9.4619458E-03
            9.5   9.4519050E-03
           9.51   9.4418651E-03
           9.52   9.4318243E-03
           9.53   9.4217854E-03
           9.54   9.4117447E-03
           9.55   9.4017040E-03
           9.56   9.3916643E-03
           9.57   9.3816245E-03
           9.58   9.3715848E-03
           9.59   9.3615442E-03
            9.6   9.3515036E-03
           9.61   9.3414649E-03
           9.62   9.3319825E-03
           9.63   9.3231519E-03
           9.64   9.3143228E-03
           9.65   9.3054944E-03
           9.66   9.2966658E-03
           9.67   9.2878388E-03
           9.68   9.2790114E-03
           9.69   9.2701857E-03
            9.7   9.2613607E-03
           9.71   9.2525354E-03
           9.72   9.2437109E-03
           9.73   9.2348888E-03
           9.74   9.2260656E-03
           9.75   9.2172430E-03
           9.76   9.2084221E-03
           9.77   9.1996009E-03
           9.78   9.1907814E-03
           9.79   9.1819616E-03
            9.8   9.1731434E-03
           9.81   9.1653898E-03
           9.82   9.1611875E-03
           9.83   9.1569842E-03
           9.84   9.1527809E-03
           9.85   9.1485777E-03
           9.86   9.1443755E-03
           9.87   9.1401723E-03
           9.88   9.1359692E-03
           9.89   9.1317661E-03
            9.9   9.1275640E-03
           9.91   9.1233610E-03
           9.92   9.1191581E-03
           9.93   9.1149551E-03
           9.94   9.1107531E-03
           9.95   9.1065503E-03
           9.96   9.1023474E-03
           9.97   9.0981446E-03
           9.98   9.0939428E-03
           9.99   9.0897401E-03
             10   9.0855374E-03
