# Version 1.0
# tree entry: B-Field (Ms)_Abs (Y)

              0   5.7399529E-02
           0.01   5.6798305E-02
           0.02   5.6197076E-02
           0.03   5.5595852E-02
           0.04   5.4994624E-02
           0.05   5.4393400E-02
           0.06   5.3792172E-02
           0.07   5.3190947E-02
           0.08   5.2589723E-02
           0.09   5.1988495E-02
            0.1   5.1387267E-02
           0.11   5.0786043E-02
           0.12   5.0184818E-02
           0.13   4.9583590E-02
           0.14   4.8982366E-02
           0.15   4.8437405E-02
           0.16   4.8027484E-02
           0.17   4.7617561E-02
           0.18   4.7207640E-02
           0.19   4.6797720E-02
            0.2   4.6387800E-02
           0.21   4.5977877E-02
           0.22   4.5567957E-02
           0.23   4.5158037E-02
           0.24   4.4748113E-02
           0.25   4.4338194E-02
           0.26   4.3928274E-02
           0.27   4.3518350E-02
           0.28   4.3108431E-02
           0.29   4.2698511E-02
            0.3   4.2376449E-02
           0.31   4.2115895E-02
           0.32   4.1855341E-02
           0.33   4.1594784E-02
           0.34   4.1334230E-02
           0.35   4.1073676E-02
           0.36   4.0813118E-02
           0.37   4.0552565E-02
           0.38   4.0292011E-02
           0.39   4.0031454E-02
            0.4   3.9770900E-02
           0.41   3.9510347E-02
           0.42   3.9249790E-02
           0.43   3.8989236E-02
           0.44   3.8728679E-02
           0.45   3.8564741E-02
           0.46   3.8413680E-02
           0.47   3.8262623E-02
           0.48   3.8111563E-02
           0.49   3.7960502E-02
            0.5   3.7809446E-02
           0.51   3.7658385E-02
           0.52   3.7507328E-02
           0.53   3.7356268E-02
           0.54   3.7205207E-02
           0.55   3.7054150E-02
           0.56   3.6903090E-02
           0.57   3.6752033E-02
           0.58   3.6600973E-02
           0.59   3.6463327E-02
            0.6   3.6388289E-02
           0.61   3.6313247E-02
           0.62   3.6238209E-02
           0.63   3.6163170E-02
           0.64   3.6088129E-02
           0.65   3.6013090E-02
           0.66   3.5938048E-02
           0.67   3.5863010E-02
           0.68   3.5787968E-02
           0.69   3.5712930E-02
            0.7   3.5637892E-02
           0.71   3.5562850E-02
           0.72   3.5487812E-02
           0.73   3.5412770E-02
           0.74   3.5360951E-02
           0.75   3.5335257E-02
           0.76   3.5309560E-02
           0.77   3.5283865E-02
           0.78   3.5258171E-02
           0.79   3.5232474E-02
            0.8   3.5206780E-02
           0.81   3.5181086E-02
           0.82   3.5155388E-02
           0.83   3.5129694E-02
           0.84   3.5103997E-02
           0.85   3.5078303E-02
           0.86   3.5052609E-02
           0.87   3.5026911E-02
           0.88   3.5001217E-02
           0.89   3.4997022E-02
            0.9   3.4999444E-02
           0.91   3.5001869E-02
           0.92   3.5004290E-02
           0.93   3.5006712E-02
           0.94   3.5009133E-02
           0.95   3.5011558E-02
           0.96   3.5013979E-02
           0.97   3.5016401E-02
           0.98   3.5018822E-02
           0.99   3.5021244E-02
              1   3.5023669E-02
           1.01   3.5026090E-02
           1.02   3.5028511E-02
           1.03   3.5031667E-02
           1.04   3.5046531E-02
           1.05   3.5061395E-02
           1.06   3.5076259E-02
           1.07   3.5091123E-02
           1.08   3.5105987E-02
           1.09   3.5120851E-02
            1.1   3.5135712E-02
           1.11   3.5150576E-02
           1.12   3.5165440E-02
           1.13   3.5180305E-02
           1.14   3.5195169E-02
           1.15   3.5210033E-02
           1.16   3.5224897E-02
           1.17   3.5239762E-02
           1.18   3.5255196E-02
           1.19   3.5271680E-02
            1.2   3.5288161E-02
           1.21   3.5304642E-02
           1.22   3.5321123E-02
           1.23   3.5337603E-02
           1.24   3.5354084E-02
           1.25   3.5370569E-02
           1.26   3.5387050E-02
           1.27   3.5403530E-02
           1.28   3.5420011E-02
           1.29   3.5436492E-02
            1.3   3.5452973E-02
           1.31   3.5469454E-02
           1.32   3.5485938E-02
           1.33   3.5498954E-02
           1.34   3.5510084E-02
           1.35   3.5521211E-02
           1.36   3.5532341E-02
           1.37   3.5543467E-02
           1.38   3.5554598E-02
           1.39   3.5565724E-02
            1.4   3.5576855E-02
           1.41   3.5587981E-02
           1.42   3.5599112E-02
           1.43   3.5610239E-02
           1.44   3.5621369E-02
           1.45   3.5632496E-02
           1.46   3.5643626E-02
           1.47   3.5654753E-02
           1.48   3.5657394E-02
           1.49   3.5659502E-02
            1.5   3.5661614E-02
           1.51   3.5663722E-02
           1.52   3.5665830E-02
           1.53   3.5667942E-02
           1.54   3.5670050E-02
           1.55   3.5672158E-02
           1.56   3.5674266E-02
           1.57   3.5676378E-02
           1.58   3.5678486E-02
           1.59   3.5680595E-02
            1.6   3.5682707E-02
           1.61   3.5684815E-02
           1.62   3.5684383E-02
           1.63   3.5675695E-02
           1.64   3.5667011E-02
           1.65   3.5658324E-02
           1.66   3.5649637E-02
           1.67   3.5640949E-02
           1.68   3.5632262E-02
           1.69   3.5623574E-02
            1.7   3.5614887E-02
           1.71   3.5606203E-02
           1.72   3.5597516E-02
           1.73   3.5588828E-02
           1.74   3.5580141E-02
           1.75   3.5571453E-02
           1.76   3.5562766E-02
           1.77   3.5548189E-02
           1.78   3.5528378E-02
           1.79   3.5508563E-02
            1.8   3.5488748E-02
           1.81   3.5468937E-02
           1.82   3.5449122E-02
           1.83   3.5429308E-02
           1.84   3.5409493E-02
           1.85   3.5389682E-02
           1.86   3.5369867E-02
           1.87   3.5350052E-02
           1.88   3.5330241E-02
           1.89   3.5310426E-02
            1.9   3.5290612E-02
           1.91   3.5270801E-02
           1.92   3.5242243E-02
           1.93   3.5211815E-02
           1.94   3.5181387E-02
           1.95   3.5150955E-02
           1.96   3.5120527E-02
           1.97   3.5090099E-02
           1.98   3.5059668E-02
           1.99   3.5029240E-02
              2   3.4998812E-02
           2.01   3.4968384E-02
           2.02   3.4937953E-02
           2.03   3.4907525E-02
           2.04   3.4877097E-02
           2.05   3.4846666E-02
           2.06   3.4815061E-02
           2.07   3.4774612E-02
           2.08   3.4734167E-02
           2.09   3.4693718E-02
            2.1   3.4653269E-02
           2.11   3.4612824E-02
           2.12   3.4572375E-02
           2.13   3.4531926E-02
           2.14   3.4491477E-02
           2.15   3.4451032E-02
           2.16   3.4410583E-02
           2.17   3.4370138E-02
           2.18   3.4329689E-02
           2.19   3.4289241E-02
            2.2   3.4248796E-02
           2.21   3.4204685E-02
           2.22   3.4155339E-02
           2.23   3.4105994E-02
           2.24   3.4056648E-02
           2.25   3.4007299E-02
           2.26   3.3957954E-02
           2.27   3.3908608E-02
           2.28   3.3859263E-02
           2.29   3.3809917E-02
            2.3   3.3760572E-02
           2.31   3.3711226E-02
           2.32   3.3661881E-02
           2.33   3.3612536E-02
           2.34   3.3563190E-02
           2.35   3.3513845E-02
           2.36   3.3459578E-02
           2.37   3.3403255E-02
           2.38   3.3346936E-02
           2.39   3.3290617E-02
            2.4   3.3234297E-02
           2.41   3.3177974E-02
           2.42   3.3121655E-02
           2.43   3.3065336E-02
           2.44   3.3009016E-02
           2.45   3.2952697E-02
           2.46   3.2896378E-02
           2.47   3.2840055E-02
           2.48   3.2783736E-02
           2.49   3.2727417E-02
            2.5   3.2671098E-02
           2.51   3.2609612E-02
           2.52   3.2548126E-02
           2.53   3.2486639E-02
           2.54   3.2425153E-02
           2.55   3.2363667E-02
           2.56   3.2302178E-02
           2.57   3.2240692E-02
           2.58   3.2179206E-02
           2.59   3.2117720E-02
            2.6   3.2056234E-02
           2.61   3.1994748E-02
           2.62   3.1933262E-02
           2.63   3.1871772E-02
           2.64   3.1810286E-02
           2.65   3.1747615E-02
           2.66   3.1682095E-02
           2.67   3.1616578E-02
           2.68   3.1551061E-02
           2.69   3.1485541E-02
            2.7   3.1420024E-02
           2.71   3.1354504E-02
           2.72   3.1288987E-02
           2.73   3.1223468E-02
           2.74   3.1157950E-02
           2.75   3.1092431E-02
           2.76   3.1026915E-02
           2.77   3.0961396E-02
           2.78   3.0895877E-02
           2.79   3.0830359E-02
            2.8   3.0763095E-02
           2.81   3.0694609E-02
           2.82   3.0626124E-02
           2.83   3.0557638E-02
           2.84   3.0489153E-02
           2.85   3.0420667E-02
           2.86   3.0352182E-02
           2.87   3.0283696E-02
           2.88   3.0215209E-02
           2.89   3.0146723E-02
            2.9   3.0078238E-02
           2.91   3.0009753E-02
           2.92   2.9941267E-02
           2.93   2.9872782E-02
           2.94   2.9804297E-02
           2.95   2.9734446E-02
           2.96   2.9664413E-02
           2.97   2.9594380E-02
           2.98   2.9524347E-02
           2.99   2.9454314E-02
              3   2.9384279E-02
           3.01   2.9314246E-02
           3.02   2.9244213E-02
           3.03   2.9174180E-02
           3.04   2.9104147E-02
           3.05   2.9034114E-02
           3.06   2.8964081E-02
           3.07   2.8894048E-02
           3.08   2.8824015E-02
           3.09   2.8753924E-02
            3.1   2.8683563E-02
           3.11   2.8613201E-02
           3.12   2.8542840E-02
           3.13   2.8472479E-02
           3.14   2.8402117E-02
           3.15   2.8331756E-02
           3.16   2.8261395E-02
           3.17   2.8191035E-02
           3.18   2.8120674E-02
           3.19   2.8050313E-02
            3.2   2.7979951E-02
           3.21   2.7909592E-02
           3.22   2.7839231E-02
           3.23   2.7768869E-02
           3.24   2.7698579E-02
           3.25   2.7628368E-02
           3.26   2.7558155E-02
           3.27   2.7487945E-02
           3.28   2.7417732E-02
           3.29   2.7347522E-02
            3.3   2.7277309E-02
           3.31   2.7207098E-02
           3.32   2.7136886E-02
           3.33   2.7066675E-02
           3.34   2.6996463E-02
           3.35   2.6926252E-02
           3.36   2.6856040E-02
           3.37   2.6785830E-02
           3.38   2.6715615E-02
           3.39   2.6645595E-02
            3.4   2.6575632E-02
           3.41   2.6505670E-02
           3.42   2.6435707E-02
           3.43   2.6365746E-02
           3.44   2.6295783E-02
           3.45   2.6225821E-02
           3.46   2.6155858E-02
           3.47   2.6085896E-02
           3.48   2.6015933E-02
           3.49   2.5945970E-02
            3.5   2.5876008E-02
           3.51   2.5806047E-02
           3.52   2.5736084E-02
           3.53   2.5666163E-02
           3.54   2.5596889E-02
           3.55   2.5527616E-02
           3.56   2.5458343E-02
           3.57   2.5389072E-02
           3.58   2.5319799E-02
           3.59   2.5250526E-02
            3.6   2.5181253E-02
           3.61   2.5111980E-02
           3.62   2.5042709E-02
           3.63   2.4973434E-02
           3.64   2.4904161E-02
           3.65   2.4834890E-02
           3.66   2.4765618E-02
           3.67   2.4696345E-02
           3.68   2.4627616E-02
           3.69   2.4559880E-02
            3.7   2.4492146E-02
           3.71   2.4424412E-02
           3.72   2.4356676E-02
           3.73   2.4288942E-02
           3.74   2.4221208E-02
           3.75   2.4153472E-02
           3.76   2.4085738E-02
           3.77   2.4018004E-02
           3.78   2.3950270E-02
           3.79   2.3882534E-02
            3.8   2.3814801E-02
           3.81   2.3747067E-02
           3.82   2.3679331E-02
           3.83   2.3613022E-02
           3.84   2.3547486E-02
           3.85   2.3481951E-02
           3.86   2.3416418E-02
           3.87   2.3350883E-02
           3.88   2.3285347E-02
           3.89   2.3219812E-02
            3.9   2.3154279E-02
           3.91   2.3088744E-02
           3.92   2.3023208E-02
           3.93   2.2957675E-02
           3.94   2.2892140E-02
           3.95   2.2826606E-02
           3.96   2.2761071E-02
           3.97   2.2695536E-02
           3.98   2.2632125E-02
           3.99   2.2568844E-02
              4   2.2505565E-02
           4.01   2.2442285E-02
           4.02   2.2379006E-02
           4.03   2.2315726E-02
           4.04   2.2252447E-02
           4.05   2.2189166E-02
           4.06   2.2125889E-02
           4.07   2.2062607E-02
           4.08   2.1999330E-02
           4.09   2.1936050E-02
            4.1   2.1872771E-02
           4.11   2.1809491E-02
           4.12   2.1746669E-02
           4.13   2.1685328E-02
           4.14   2.1623990E-02
           4.15   2.1562649E-02
           4.16   2.1501312E-02
           4.17   2.1439971E-02
           4.18   2.1378633E-02
           4.19   2.1317292E-02
            4.2   2.1255955E-02
           4.21   2.1194614E-02
           4.22   2.1133275E-02
           4.23   2.1071936E-02
           4.24   2.1010597E-02
           4.25   2.0949256E-02
           4.26   2.0887915E-02
           4.27   2.0827536E-02
           4.28   2.0768002E-02
           4.29   2.0708472E-02
            4.3   2.0648939E-02
           4.31   2.0589409E-02
           4.32   2.0529876E-02
           4.33   2.0470346E-02
           4.34   2.0410813E-02
           4.35   2.0351283E-02
           4.36   2.0291749E-02
           4.37   2.0232220E-02
           4.38   2.0172688E-02
           4.39   2.0113157E-02
            4.4   2.0053625E-02
           4.41   1.9994094E-02
           4.42   1.9936293E-02
           4.43   1.9878865E-02
           4.44   1.9821435E-02
           4.45   1.9764008E-02
           4.46   1.9706578E-02
           4.47   1.9649150E-02
           4.48   1.9591720E-02
           4.49   1.9534292E-02
            4.5   1.9476863E-02
           4.51   1.9419433E-02
           4.52   1.9362005E-02
           4.53   1.9304575E-02
           4.54   1.9247149E-02
           4.55   1.9189719E-02
           4.56   1.9132595E-02
           4.57   1.9077739E-02
           4.58   1.9022887E-02
           4.59   1.8968031E-02
            4.6   1.8913179E-02
           4.61   1.8858323E-02
           4.62   1.8803471E-02
           4.63   1.8748616E-02
           4.64   1.8693764E-02
           4.65   1.8638908E-02
           4.66   1.8584056E-02
           4.67   1.8529201E-02
           4.68   1.8474349E-02
           4.69   1.8419493E-02
            4.7   1.8364641E-02
           4.71   1.8310946E-02
           4.72   1.8258911E-02
           4.73   1.8206872E-02
           4.74   1.8154835E-02
           4.75   1.8102798E-02
           4.76   1.8050759E-02
           4.77   1.7998722E-02
           4.78   1.7946686E-02
           4.79   1.7894649E-02
            4.8   1.7842610E-02
           4.81   1.7790575E-02
           4.82   1.7738536E-02
           4.83   1.7686501E-02
           4.84   1.7634463E-02
           4.85   1.7582428E-02
           4.86   1.7532277E-02
           4.87   1.7482915E-02
           4.88   1.7433552E-02
           4.89   1.7384192E-02
            4.9   1.7334828E-02
           4.91   1.7285467E-02
           4.92   1.7236103E-02
           4.93   1.7186742E-02
           4.94   1.7137379E-02
           4.95   1.7088017E-02
           4.96   1.7038654E-02
           4.97   1.6989294E-02
           4.98   1.6939931E-02
           4.99   1.6890570E-02
              5   1.6841206E-02
           5.01   1.6794167E-02
           5.02   1.6747128E-02
           5.03   1.6700089E-02
           5.04   1.6653052E-02
           5.05   1.6606012E-02
           5.06   1.6558975E-02
           5.07   1.6511936E-02
           5.08   1.6464897E-02
           5.09   1.6417858E-02
            5.1   1.6370821E-02
           5.11   1.6323781E-02
           5.12   1.6276744E-02
           5.13   1.6229704E-02
           5.14   1.6182667E-02
           5.15   1.6136230E-02
           5.16   1.6091244E-02
           5.17   1.6046255E-02
           5.18   1.6001268E-02
           5.19   1.5956278E-02
            5.2   1.5911291E-02
           5.21   1.5866302E-02
           5.22   1.5821314E-02
           5.23   1.5776325E-02
           5.24   1.5731340E-02
           5.25   1.5686351E-02
           5.26   1.5641362E-02
           5.27   1.5596374E-02
           5.28   1.5551385E-02
           5.29   1.5506398E-02
            5.3   1.5462586E-02
           5.31   1.5419597E-02
           5.32   1.5376606E-02
           5.33   1.5333618E-02
           5.34   1.5290628E-02
           5.35   1.5247640E-02
           5.36   1.5204650E-02
           5.37   1.5161660E-02
           5.38   1.5118670E-02
           5.39   1.5075682E-02
            5.4   1.5032692E-02
           5.41   1.4989704E-02
           5.42   1.4946713E-02
           5.43   1.4903724E-02
           5.44   1.4860734E-02
           5.45   1.4819597E-02
           5.46   1.4778704E-02
           5.47   1.4737814E-02
           5.48   1.4696921E-02
           5.49   1.4656030E-02
            5.5   1.4615138E-02
           5.51   1.4574246E-02
           5.52   1.4533355E-02
           5.53   1.4492462E-02
           5.54   1.4451572E-02
           5.55   1.4410680E-02
           5.56   1.4369789E-02
           5.57   1.4328896E-02
           5.58   1.4288005E-02
           5.59   1.4247496E-02
            5.6   1.4208775E-02
           5.61   1.4170054E-02
           5.62   1.4131333E-02
           5.63   1.4092610E-02
           5.64   1.4053890E-02
           5.65   1.4015167E-02
           5.66   1.3976447E-02
           5.67   1.3937725E-02
           5.68   1.3899005E-02
           5.69   1.3860282E-02
            5.7   1.3821562E-02
           5.71   1.3782840E-02
           5.72   1.3744120E-02
           5.73   1.3705397E-02
           5.74   1.3667665E-02
           5.75   1.3631041E-02
           5.76   1.3594419E-02
           5.77   1.3557797E-02
           5.78   1.3521174E-02
           5.79   1.3484553E-02
            5.8   1.3447930E-02
           5.81   1.3411309E-02
           5.82   1.3374685E-02
           5.83   1.3338064E-02
           5.84   1.3301442E-02
           5.85   1.3264820E-02
           5.86   1.3228197E-02
           5.87   1.3191576E-02
           5.88   1.3154953E-02
           5.89   1.3119796E-02
            5.9   1.3085086E-02
           5.91   1.3050379E-02
           5.92   1.3015670E-02
           5.93   1.2980962E-02
           5.94   1.2946253E-02
           5.95   1.2911545E-02
           5.96   1.2876836E-02
           5.97   1.2842129E-02
           5.98   1.2807420E-02
           5.99   1.2772712E-02
              6   1.2738003E-02
           6.01   1.2703294E-02
           6.02   1.2668587E-02
           6.03   1.2633981E-02
           6.04   1.2601018E-02
           6.05   1.2568053E-02
           6.06   1.2535091E-02
           6.07   1.2502126E-02
           6.08   1.2469163E-02
           6.09   1.2436199E-02
            6.1   1.2403236E-02
           6.11   1.2370271E-02
           6.12   1.2337309E-02
           6.13   1.2304344E-02
           6.14   1.2271382E-02
           6.15   1.2238417E-02
           6.16   1.2205455E-02
           6.17   1.2172490E-02
           6.18   1.2140125E-02
           6.19   1.2108853E-02
            6.2   1.2077582E-02
           6.21   1.2046311E-02
           6.22   1.2015041E-02
           6.23   1.1983769E-02
           6.24   1.1952499E-02
           6.25   1.1921227E-02
           6.26   1.1889954E-02
           6.27   1.1858684E-02
           6.28   1.1827413E-02
           6.29   1.1796142E-02
            6.3   1.1764871E-02
           6.31   1.1733601E-02
           6.32   1.1702329E-02
           6.33   1.1672178E-02
           6.34   1.1642636E-02
           6.35   1.1613095E-02
           6.36   1.1583553E-02
           6.37   1.1554013E-02
           6.38   1.1524471E-02
           6.39   1.1494931E-02
            6.4   1.1465389E-02
           6.41   1.1435848E-02
           6.42   1.1406306E-02
           6.43   1.1376765E-02
           6.44   1.1347224E-02
           6.45   1.1317684E-02
           6.46   1.1288142E-02
           6.47   1.1258602E-02
           6.48   1.1230680E-02
           6.49   1.1202861E-02
            6.5   1.1175042E-02
           6.51   1.1147222E-02
           6.52   1.1119403E-02
           6.53   1.1091583E-02
           6.54   1.1063765E-02
           6.55   1.1035945E-02
           6.56   1.1008127E-02
           6.57   1.0980308E-02
           6.58   1.0952489E-02
           6.59   1.0924669E-02
            6.6   1.0896851E-02
           6.61   1.0869032E-02
           6.62   1.0841584E-02
           6.63   1.0815338E-02
           6.64   1.0789093E-02
           6.65   1.0762848E-02
           6.66   1.0736603E-02
           6.67   1.0710357E-02
           6.68   1.0684113E-02
           6.69   1.0657868E-02
            6.7   1.0631624E-02
           6.71   1.0605378E-02
           6.72   1.0579134E-02
           6.73   1.0552888E-02
           6.74   1.0526644E-02
           6.75   1.0500399E-02
           6.76   1.0474153E-02
           6.77   1.0448627E-02
           6.78   1.0423737E-02
           6.79   1.0398849E-02
            6.8   1.0373960E-02
           6.81   1.0349072E-02
           6.82   1.0324182E-02
           6.83   1.0299294E-02
           6.84   1.0274404E-02
           6.85   1.0249516E-02
           6.86   1.0224627E-02
           6.87   1.0199739E-02
           6.88   1.0174849E-02
           6.89   1.0149960E-02
            6.9   1.0125071E-02
           6.91   1.0100183E-02
           6.92   1.0076331E-02
           6.93   1.0052701E-02
           6.94   1.0029071E-02
           6.95   1.0005442E-02
           6.96   9.9818116E-03
           6.97   9.9581825E-03
           6.98   9.9345524E-03
           6.99   9.9109233E-03
              7   9.8872933E-03
           7.01   9.8636634E-03
           7.02   9.8400344E-03
           7.03   9.8164045E-03
           7.04   9.7927765E-03
           7.05   9.7691458E-03
           7.06   9.7456790E-03
           7.07   9.7234202E-03
           7.08   9.7011624E-03
           7.09   9.6789037E-03
            7.1   9.6566468E-03
           7.11   9.6343882E-03
           7.12   9.6121305E-03
           7.13   9.5898719E-03
           7.14   9.5676142E-03
           7.15   9.5453557E-03
           7.16   9.5230991E-03
           7.17   9.5008406E-03
           7.18   9.4785831E-03
           7.19   9.4563247E-03
            7.2   9.4340673E-03
           7.21   9.4124355E-03
           7.22   9.3917005E-03
           7.23   9.3709646E-03
           7.24   9.3502296E-03
           7.25   9.3294927E-03
           7.26   9.3087569E-03
           7.27   9.2880219E-03
           7.28   9.2672851E-03
           7.29   9.2465501E-03
            7.3   9.2258143E-03
           7.31   9.2050794E-03
           7.32   9.1843426E-03
           7.33   9.1636077E-03
           7.34   9.1428718E-03
           7.35   9.1221360E-03
           7.36   9.1024108E-03
           7.37   9.0831080E-03
           7.38   9.0638043E-03
           7.39   9.0445006E-03
            7.4   9.0251970E-03
           7.41   9.0058935E-03
           7.42   8.9865901E-03
           7.43   8.9672876E-03
           7.44   8.9479833E-03
           7.45   8.9286810E-03
           7.46   8.9093777E-03
           7.47   8.8900746E-03
           7.48   8.8707715E-03
           7.49   8.8514684E-03
            7.5   8.8321654E-03
           7.51   8.8139248E-03
           7.52   8.7956842E-03
           7.53   8.7774436E-03
           7.54   8.7592040E-03
           7.55   8.7409626E-03
           7.56   8.7227230E-03
           7.57   8.7044825E-03
           7.58   8.6862420E-03
           7.59   8.6680015E-03
            7.6   8.6497620E-03
           7.61   8.6315216E-03
           7.62   8.6132812E-03
           7.63   8.5950408E-03
           7.64   8.5768014E-03
           7.65   8.5587823E-03
           7.66   8.5412974E-03
           7.67   8.5238117E-03
           7.68   8.5063269E-03
           7.69   8.4888413E-03
            7.7   8.4713566E-03
           7.71   8.4538711E-03
           7.72   8.4363865E-03
           7.73   8.4189011E-03
           7.74   8.4014158E-03
           7.75   8.3839304E-03
           7.76   8.3664452E-03
           7.77   8.3489609E-03
           7.78   8.3314758E-03
           7.79   8.3139916E-03
            7.8   8.2970087E-03
           7.81   8.2803783E-03
           7.82   8.2637481E-03
           7.83   8.2471180E-03
           7.84   8.2304872E-03
           7.85   8.2138574E-03
           7.86   8.1972268E-03
           7.87   8.1805974E-03
           7.88   8.1639671E-03
           7.89   8.1473380E-03
            7.9   8.1307090E-03
           7.91   8.1140802E-03
           7.92   8.0974506E-03
           7.93   8.0808220E-03
           7.94   8.0641928E-03
           7.95   8.0486002E-03
           7.96   8.0331438E-03
           7.97   8.0176893E-03
           7.98   8.0022329E-03
           7.99   7.9867784E-03
              8   7.9713220E-03
           8.01   7.9558665E-03
           8.02   7.9404101E-03
           8.03   7.9249556E-03
           8.04   7.9095001E-03
           8.05   7.8940447E-03
           8.06   7.8785883E-03
           8.07   7.8631338E-03
           8.08   7.8476784E-03
           8.09   7.8324243E-03
            8.1   7.8181119E-03
           8.11   7.8038006E-03
           8.12   7.7894885E-03
           8.13   7.7751760E-03
           8.14   7.7608643E-03
           8.15   7.7465536E-03
           8.16   7.7322421E-03
           8.17   7.7179304E-03
           8.18   7.7036192E-03
           8.19   7.6893092E-03
            8.2   7.6749984E-03
           8.21   7.6606873E-03
           8.22   7.6463769E-03
           8.23   7.6320675E-03
           8.24   7.6180601E-03
           8.25   7.6043932E-03
           8.26   7.5907268E-03
           8.27   7.5770601E-03
           8.28   7.5633953E-03
           8.29   7.5497288E-03
            8.3   7.5360628E-03
           8.31   7.5223970E-03
           8.32   7.5087321E-03
           8.33   7.4950660E-03
           8.34   7.4814005E-03
           8.35   7.4677350E-03
           8.36   7.4540706E-03
           8.37   7.4404054E-03
           8.38   7.4267398E-03
           8.39   7.4133703E-03
            8.4   7.4000928E-03
           8.41   7.3868140E-03
           8.42   7.3735356E-03
           8.43   7.3602569E-03
           8.44   7.3469796E-03
           8.45   7.3337015E-03
           8.46   7.3204229E-03
           8.47   7.3071449E-03
           8.48   7.2938679E-03
           8.49   7.2805895E-03
            8.5   7.2673116E-03
           8.51   7.2540333E-03
           8.52   7.2407551E-03
           8.53   7.2275342E-03
           8.54   7.2152023E-03
           8.55   7.2028704E-03
           8.56   7.1905386E-03
           8.57   7.1782082E-03
           8.58   7.1658765E-03
           8.59   7.1535448E-03
            8.6   7.1412132E-03
           8.61   7.1288830E-03
           8.62   7.1165515E-03
           8.63   7.1042201E-03
           8.64   7.0918887E-03
           8.65   7.0795583E-03
           8.66   7.0672275E-03
           8.67   7.0548963E-03
           8.68   7.0431207E-03
           8.69   7.0323650E-03
            8.7   7.0216086E-03
           8.71   7.0108524E-03
           8.72   7.0000964E-03
           8.73   6.9893420E-03
           8.74   6.9785864E-03
           8.75   6.9678311E-03
           8.76   6.9570760E-03
           8.77   6.9463211E-03
           8.78   6.9355679E-03
           8.79   6.9248134E-03
            8.8   6.9140592E-03
           8.81   6.9033053E-03
           8.82   6.8925525E-03
           8.83   6.8825678E-03
           8.84   6.8730020E-03
           8.85   6.8634370E-03
           8.86   6.8538731E-03
           8.87   6.8443085E-03
           8.88   6.8347442E-03
           8.89   6.8251797E-03
            8.9   6.8156168E-03
           8.91   6.8060532E-03
           8.92   6.7964899E-03
           8.93   6.7869263E-03
           8.94   6.7773644E-03
           8.95   6.7678019E-03
           8.96   6.7582395E-03
           8.97   6.7486770E-03
           8.98   6.7394804E-03
           8.99   6.7303062E-03
              9   6.7211324E-03
           9.01   6.7119592E-03
           9.02   6.7027864E-03
           9.03   6.6936150E-03
           9.04   6.6844432E-03
           9.05   6.6752719E-03
           9.06   6.6661006E-03
           9.07   6.6569313E-03
           9.08   6.6477614E-03
           9.09   6.6385921E-03
            9.1   6.6294233E-03
           9.11   6.6202559E-03
           9.12   6.6112359E-03
           9.13   6.6026980E-03
           9.14   6.5941613E-03
           9.15   6.5856263E-03
           9.16   6.5770920E-03
           9.17   6.5685589E-03
           9.18   6.5600270E-03
           9.19   6.5514968E-03
            9.2   6.5429673E-03
           9.21   6.5344390E-03
           9.22   6.5259120E-03
           9.23   6.5173866E-03
           9.24   6.5088620E-03
           9.25   6.5003386E-03
           9.26   6.4918165E-03
           9.27   6.4838291E-03
           9.28   6.4763169E-03
           9.29   6.4688043E-03
            9.3   6.4612916E-03
           9.31   6.4537790E-03
           9.32   6.4462674E-03
           9.33   6.4387548E-03
           9.34   6.4312423E-03
           9.35   6.4237298E-03
           9.36   6.4162178E-03
           9.37   6.4087053E-03
           9.38   6.4011929E-03
           9.39   6.3936805E-03
            9.4   6.3861685E-03
           9.41   6.3786562E-03
           9.42   6.3713993E-03
           9.43   6.3641971E-03
           9.44   6.3569953E-03
           9.45   6.3497931E-03
           9.46   6.3425909E-03
           9.47   6.3353887E-03
           9.48   6.3281870E-03
           9.49   6.3209847E-03
            9.5   6.3137825E-03
           9.51   6.3065799E-03
           9.52   6.2993777E-03
           9.53   6.2921759E-03
           9.54   6.2849737E-03
           9.55   6.2777715E-03
           9.56   6.2706083E-03
           9.57   6.2637397E-03
           9.58   6.2568707E-03
           9.59   6.2500027E-03
            9.6   6.2431349E-03
           9.61   6.2362681E-03
           9.62   6.2294019E-03
           9.63   6.2225358E-03
           9.64   6.2156703E-03
           9.65   6.2088064E-03
           9.66   6.2019420E-03
           9.67   6.1950783E-03
           9.68   6.1882156E-03
           9.69   6.1813536E-03
            9.7   6.1744921E-03
           9.71   6.1678775E-03
           9.72   6.1616150E-03
           9.73   6.1553534E-03
           9.74   6.1490914E-03
           9.75   6.1428294E-03
           9.76   6.1365674E-03
           9.77   6.1303049E-03
           9.78   6.1240433E-03
           9.79   6.1177813E-03
            9.8   6.1115193E-03
           9.81   6.1052573E-03
           9.82   6.0989957E-03
           9.83   6.0927333E-03
           9.84   6.0864713E-03
           9.85   6.0802093E-03
           9.86   6.0761975E-03
           9.87   6.0731236E-03
           9.88   6.0700491E-03
           9.89   6.0669747E-03
            9.9   6.0639008E-03
           9.91   6.0608269E-03
           9.92   6.0577525E-03
           9.93   6.0546782E-03
           9.94   6.0516043E-03
           9.95   6.0485305E-03
           9.96   6.0454561E-03
           9.97   6.0423818E-03
           9.98   6.0393080E-03
           9.99   6.0362342E-03
             10   6.0331600E-03
