# Version 1.0
# tree entry: B-Field (Ms)_Abs (X)

             -1   1.1229526E-02
 -9.9000830E-01   1.3472613E-02
 -9.8001660E-01   1.5715698E-02
 -9.7002490E-01   1.7958784E-02
 -9.6003319E-01   2.0201869E-02
 -9.5004149E-01   2.2343041E-02
 -9.4004979E-01   2.4423288E-02
 -9.3005809E-01   2.6503535E-02
 -9.2006639E-01   2.8583769E-02
 -9.1007469E-01   3.0664016E-02
 -9.0008299E-01   3.2744262E-02
 -8.9009128E-01   3.4824505E-02
 -8.8009958E-01   3.6904752E-02
 -8.7010788E-01   3.8984999E-02
 -8.6011618E-01   4.0982496E-02
 -8.5012448E-01   4.2728443E-02
 -8.4013278E-01   4.4474389E-02
 -8.3014108E-01   4.6220336E-02
 -8.2014937E-01   4.7966279E-02
 -8.1015767E-01   4.9712226E-02
 -8.0016597E-01   5.1458173E-02
 -7.9017427E-01   5.3204119E-02
 -7.8018257E-01   5.4950066E-02
 -7.7019087E-01   5.6696001E-02
 -7.6019917E-01   5.7992477E-02
 -7.5020746E-01   5.9221335E-02
 -7.4021576E-01   6.0450189E-02
 -7.3022406E-01   6.1679043E-02
 -7.2023236E-01   6.2907897E-02
 -7.1024066E-01   6.4136751E-02
 -7.0024896E-01   6.5365613E-02
 -6.9025726E-01   6.6594467E-02
 -6.8026555E-01   6.7823321E-02
 -6.7027385E-01   6.8720527E-02
 -6.6028215E-01   6.9273815E-02
 -6.5029045E-01   6.9827102E-02
 -6.4029875E-01   7.0380390E-02
 -6.3030705E-01   7.0933677E-02
 -6.2031535E-01   7.1486965E-02
 -6.1032364E-01   7.2040252E-02
 -6.0033194E-01   7.2593540E-02
 -5.9034024E-01   7.3146828E-02
 -5.8034854E-01   7.3214807E-02
 -5.7035684E-01   7.3160008E-02
 -5.6036514E-01   7.3105216E-02
 -5.5037344E-01   7.3050424E-02
 -5.4038173E-01   7.2980665E-02
 -5.3039003E-01   7.2467163E-02
 -5.2039833E-01   7.1953654E-02
 -5.1040663E-01   7.1440145E-02
 -5.0041493E-01   7.0926644E-02
 -4.9042323E-01   7.0286237E-02
 -4.8043153E-01   6.9297701E-02
 -4.7043982E-01   6.8309166E-02
 -4.6044812E-01   6.7320630E-02
 -4.5045642E-01   6.6332094E-02
 -4.4046472E-01   6.5105833E-02
 -4.3047302E-01   6.3643441E-02
 -4.2048132E-01   6.2181041E-02
 -4.1048962E-01   6.0718641E-02
 -4.0049791E-01   5.9256244E-02
 -3.9050621E-01   5.7423182E-02
 -3.8051451E-01   5.5502348E-02
 -3.7052281E-01   5.3581513E-02
 -3.6053111E-01   5.1660683E-02
 -3.5053941E-01   4.9689863E-02
 -3.4054771E-01   4.7335926E-02
 -3.3055601E-01   4.4981990E-02
 -3.2056430E-01   4.2628050E-02
 -3.1057260E-01   4.0274113E-02
 -3.0058090E-01   3.7752979E-02
 -2.9058920E-01   3.5003111E-02
 -2.8059750E-01   3.2253232E-02
 -2.7060580E-01   2.9503357E-02
 -2.6061410E-01   2.6753481E-02
 -2.5062239E-01   2.3748869E-02
 -2.4063069E-01   2.0649636E-02
 -2.3063899E-01   1.7550407E-02
 -2.2064729E-01   1.4451174E-02
 -2.1065559E-01   1.1341278E-02
 -2.0066389E-01   7.9460908E-03
 -1.9067219E-01   4.5509087E-03
 -1.8068048E-01   1.1557210E-03
 -1.7068878E-01   2.2394657E-03
 -1.6069708E-01   5.7163006E-03
 -1.5070538E-01   9.3496144E-03
 -1.4071368E-01   1.2982926E-02
 -1.3072198E-01   1.6616240E-02
 -1.2073028E-01   2.0249549E-02
 -1.1073857E-01   2.3998408E-02
 -1.0074687E-01   2.7809551E-02
 -9.0755171E-02   3.1620692E-02
 -8.0763470E-02   3.5431832E-02
 -7.0771768E-02   3.9242975E-02
 -6.0780067E-02   4.3165594E-02
 -5.0788365E-02   4.7093272E-02
 -4.0796664E-02   5.1020946E-02
 -3.0804963E-02   5.4948620E-02
 -2.0813261E-02   5.8890857E-02
 -1.0821560E-02   6.2873788E-02
 -8.2985832E-04   6.6856727E-02
  9.1618431E-03   7.0839658E-02
  1.9153545E-02   7.4822590E-02
  2.9145246E-02   7.8802519E-02
  3.9136947E-02   8.2780182E-02
  4.9128649E-02   8.6757846E-02
  5.9120350E-02   9.0735510E-02
  6.9112052E-02   9.4713174E-02
  7.9103753E-02   9.8634273E-02
  8.9095454E-02   1.0254745E-01
  9.9087156E-02   1.0646063E-01
  1.0907886E-01   1.1037381E-01
  1.1907056E-01   1.1426457E-01
  1.2906226E-01   1.1805598E-01
  1.3905396E-01   1.2184738E-01
  1.4904566E-01   1.2563880E-01
  1.5903736E-01   1.2943020E-01
  1.6902907E-01   1.3313501E-01
  1.7902077E-01   1.3675003E-01
  1.8901247E-01   1.4036505E-01
  1.9900417E-01   1.4398009E-01
  2.0899587E-01   1.4759511E-01
  2.1898757E-01   1.5102880E-01
  2.2897927E-01   1.5441655E-01
  2.3897098E-01   1.5780431E-01
  2.4896268E-01   1.6119206E-01
  2.5895438E-01   1.6455121E-01
  2.6894608E-01   1.6766582E-01
  2.7893778E-01   1.7078045E-01
  2.8892948E-01   1.7389506E-01
  2.9892118E-01   1.7700969E-01
  3.0891289E-01   1.7999572E-01
  3.1890459E-01   1.8279792E-01
  3.2889629E-01   1.8560013E-01
  3.3888799E-01   1.8840234E-01
  3.4887969E-01   1.9120456E-01
  3.5887139E-01   1.9375999E-01
  3.6886309E-01   1.9621873E-01
  3.7885480E-01   1.9867745E-01
  3.8884650E-01   2.0113619E-01
  3.9883820E-01   2.0358567E-01
  4.0882990E-01   2.0567948E-01
  4.1882160E-01   2.0777328E-01
  4.2881330E-01   2.0986710E-01
  4.3880500E-01   2.1196091E-01
  4.4879671E-01   2.1392797E-01
  4.5878841E-01   2.1564023E-01
  4.6878011E-01   2.1735251E-01
  4.7877181E-01   2.1906479E-01
  4.8876351E-01   2.2077706E-01
  4.9875521E-01   2.2229715E-01
  5.0874691E-01   2.2362216E-01
  5.1873862E-01   2.2494717E-01
  5.2873032E-01   2.2627218E-01
  5.3872202E-01   2.2759719E-01
  5.4871372E-01   2.2867370E-01
  5.5870542E-01   2.2962241E-01
  5.6869712E-01   2.3057109E-01
  5.7868882E-01   2.3151980E-01
  5.8868053E-01   2.3246850E-01
  5.9867223E-01   2.3299244E-01
  6.0866393E-01   2.3342592E-01
  6.1865563E-01   2.3385939E-01
  6.2864733E-01   2.3429288E-01
  6.3863903E-01   2.3472635E-01
  6.4863073E-01   2.3515983E-01
  6.5862244E-01   2.3559330E-01
  6.6861414E-01   2.3602678E-01
  6.7860584E-01   2.3646025E-01
  6.8859754E-01   2.3650908E-01
  6.9858924E-01   2.3636290E-01
  7.0858094E-01   2.3621671E-01
  7.1857264E-01   2.3607053E-01
  7.2856435E-01   2.3592433E-01
  7.3855605E-01   2.3577815E-01
  7.4854775E-01   2.3563196E-01
  7.5853945E-01   2.3548578E-01
  7.6853115E-01   2.3533958E-01
  7.7852285E-01   2.3519090E-01
  7.8851455E-01   2.3459227E-01
  7.9850626E-01   2.3399365E-01
  8.0849796E-01   2.3339503E-01
  8.1848966E-01   2.3279640E-01
  8.2848136E-01   2.3219779E-01
  8.3847306E-01   2.3159917E-01
  8.4846476E-01   2.3100054E-01
  8.5845646E-01   2.3040192E-01
  8.6844816E-01   2.2980329E-01
  8.7843987E-01   2.2909446E-01
  8.8843157E-01   2.2817865E-01
  8.9842327E-01   2.2726282E-01
  9.0841497E-01   2.2634701E-01
  9.1840667E-01   2.2543120E-01
  9.2839837E-01   2.2451539E-01
  9.3839007E-01   2.2359958E-01
  9.4838178E-01   2.2268377E-01
  9.5837348E-01   2.2176796E-01
  9.6836518E-01   2.2085215E-01
  9.7835688E-01   2.1979617E-01
  9.8834858E-01   2.1867706E-01
  9.9834028E-01   2.1755795E-01
  1.0083320E+00   2.1643883E-01
  1.0183237E+00   2.1531972E-01
  1.0283154E+00   2.1420060E-01
  1.0383071E+00   2.1308149E-01
  1.0482988E+00   2.1196237E-01
  1.0582905E+00   2.1084327E-01
  1.0682822E+00   2.0972055E-01
  1.0782739E+00   2.0848688E-01
  1.0882656E+00   2.0725322E-01
  1.0982573E+00   2.0601954E-01
  1.1082490E+00   2.0478585E-01
  1.1182407E+00   2.0355217E-01
  1.1282324E+00   2.0231850E-01
  1.1382241E+00   2.0108482E-01
  1.1482158E+00   1.9985114E-01
  1.1582075E+00   1.9861746E-01
  1.1681992E+00   1.9736543E-01
  1.1781909E+00   1.9608259E-01
  1.1881826E+00   1.9479977E-01
  1.1981743E+00   1.9351692E-01
  1.2081660E+00   1.9223408E-01
  1.2181577E+00   1.9095124E-01
  1.2281494E+00   1.8966842E-01
  1.2381411E+00   1.8838559E-01
  1.2481328E+00   1.8710274E-01
  1.2581245E+00   1.8581991E-01
  1.2681162E+00   1.8453489E-01
  1.2781079E+00   1.8324901E-01
  1.2880996E+00   1.8196312E-01
  1.2980913E+00   1.8067724E-01
  1.3080830E+00   1.7939135E-01
  1.3180747E+00   1.7810547E-01
  1.3280664E+00   1.7681958E-01
  1.3380581E+00   1.7553371E-01
  1.3480498E+00   1.7424782E-01
  1.3580415E+00   1.7296354E-01
  1.3680332E+00   1.7170580E-01
  1.3780249E+00   1.7044805E-01
  1.3880166E+00   1.6919030E-01
  1.3980083E+00   1.6793256E-01
  1.4080000E+00   1.6667481E-01
  1.4179917E+00   1.6541705E-01
  1.4279834E+00   1.6415931E-01
  1.4379751E+00   1.6290155E-01
  1.4479668E+00   1.6164380E-01
  1.4579585E+00   1.6040531E-01
  1.4679502E+00   1.5919581E-01
  1.4779420E+00   1.5798630E-01
  1.4879337E+00   1.5677680E-01
  1.4979254E+00   1.5556729E-01
  1.5079171E+00   1.5435778E-01
  1.5179088E+00   1.5314826E-01
  1.5279005E+00   1.5193877E-01
  1.5378922E+00   1.5072927E-01
  1.5478839E+00   1.4951976E-01
  1.5578756E+00   1.4835501E-01
  1.5678673E+00   1.4720587E-01
  1.5778590E+00   1.4605677E-01
  1.5878507E+00   1.4490764E-01
  1.5978424E+00   1.4375852E-01
  1.6078341E+00   1.4260939E-01
  1.6178258E+00   1.4146027E-01
  1.6278175E+00   1.4031115E-01
  1.6378092E+00   1.3916203E-01
  1.6478009E+00   1.3801847E-01
  1.6577926E+00   1.3693626E-01
  1.6677843E+00   1.3585405E-01
  1.6777760E+00   1.3477184E-01
  1.6877677E+00   1.3368963E-01
  1.6977594E+00   1.3260742E-01
  1.7077511E+00   1.3152520E-01
  1.7177428E+00   1.3044299E-01
  1.7277345E+00   1.2936078E-01
  1.7377262E+00   1.2827857E-01
  1.7477179E+00   1.2722594E-01
  1.7577096E+00   1.2621327E-01
  1.7677013E+00   1.2520061E-01
  1.7776930E+00   1.2418795E-01
  1.7876847E+00   1.2317529E-01
  1.7976764E+00   1.2216263E-01
  1.8076681E+00   1.2114997E-01
  1.8176598E+00   1.2013731E-01
  1.8276515E+00   1.1912465E-01
  1.8376432E+00   1.1811200E-01
  1.8476349E+00   1.1715271E-01
  1.8576266E+00   1.1620963E-01
  1.8676183E+00   1.1526653E-01
  1.8776100E+00   1.1432345E-01
  1.8876017E+00   1.1338036E-01
  1.8975934E+00   1.1243728E-01
  1.9075851E+00   1.1149418E-01
  1.9175768E+00   1.1055110E-01
  1.9275685E+00   1.0960801E-01
  1.9375602E+00   1.0867233E-01
  1.9475519E+00   1.0779710E-01
  1.9575436E+00   1.0692188E-01
  1.9675353E+00   1.0604665E-01
  1.9775270E+00   1.0517143E-01
  1.9875187E+00   1.0429621E-01
  1.9975104E+00   1.0342098E-01
  2.0075021E+00   1.0254576E-01
  2.0174938E+00   1.0167054E-01
  2.0274855E+00   1.0079530E-01
  2.0374772E+00   9.9949412E-02
  2.0474689E+00   9.9139243E-02
  2.0574606E+00   9.8329067E-02
  2.0674523E+00   9.7518876E-02
  2.0774440E+00   9.6708708E-02
  2.0874357E+00   9.5898531E-02
  2.0974274E+00   9.5088363E-02
  2.1074191E+00   9.4278164E-02
  2.1174108E+00   9.3467996E-02
  2.1274025E+00   9.2657819E-02
  2.1373942E+00   9.1896474E-02
  2.1473859E+00   9.1147870E-02
  2.1573776E+00   9.0399258E-02
  2.1673693E+00   8.9650653E-02
  2.1773611E+00   8.8902056E-02
  2.1873528E+00   8.8153452E-02
  2.1973445E+00   8.7404840E-02
  2.2073362E+00   8.6656235E-02
  2.2173279E+00   8.5907638E-02
  2.2273196E+00   8.5166827E-02
  2.2373113E+00   8.4475957E-02
  2.2473030E+00   8.3785102E-02
  2.2572947E+00   8.3094247E-02
  2.2672864E+00   8.2403392E-02
  2.2772781E+00   8.1712537E-02
  2.2872698E+00   8.1021667E-02
  2.2972615E+00   8.0330811E-02
  2.3072532E+00   7.9639956E-02
  2.3172449E+00   7.8949094E-02
  2.3272366E+00   7.8283869E-02
  2.3372283E+00   7.7646792E-02
  2.3472200E+00   7.7009715E-02
  2.3572117E+00   7.6372631E-02
  2.3672034E+00   7.5735539E-02
  2.3771951E+00   7.5098462E-02
  2.3871868E+00   7.4461378E-02
  2.3971785E+00   7.3824301E-02
  2.4071702E+00   7.3187210E-02
  2.4171619E+00   7.2550125E-02
  2.4271536E+00   7.1953826E-02
  2.4371453E+00   7.1366549E-02
  2.4471370E+00   7.0779271E-02
  2.4571287E+00   7.0191979E-02
  2.4671204E+00   6.9604702E-02
  2.4771121E+00   6.9017418E-02
  2.4871038E+00   6.8430141E-02
  2.4970955E+00   6.7842849E-02
  2.5070872E+00   6.7255571E-02
  2.5170789E+00   6.6675678E-02
  2.5270706E+00   6.6134319E-02
  2.5370623E+00   6.5592952E-02
  2.5470540E+00   6.5051593E-02
  2.5570457E+00   6.4510234E-02
  2.5670374E+00   6.3968875E-02
  2.5770291E+00   6.3427523E-02
  2.5870208E+00   6.2886149E-02
  2.5970125E+00   6.2344790E-02
  2.6070042E+00   6.1803434E-02
  2.6169959E+00   6.1283287E-02
  2.6269876E+00   6.0784109E-02
  2.6369793E+00   6.0284942E-02
  2.6469710E+00   5.9785780E-02
  2.6569627E+00   5.9286613E-02
  2.6669544E+00   5.8787435E-02
  2.6769461E+00   5.8288269E-02
  2.6869378E+00   5.7789102E-02
  2.6969295E+00   5.7289936E-02
  2.7069212E+00   5.6790758E-02
  2.7169129E+00   5.6324244E-02
  2.7269046E+00   5.5863731E-02
  2.7368963E+00   5.5403218E-02
  2.7468880E+00   5.4942705E-02
 2.756879732711   5.4482181E-02
  2.7668714E+00   5.4021664E-02
  2.7768631E+00   5.3561151E-02
  2.7868548E+00   5.3100638E-02
  2.7968465E+00   5.2640114E-02
  2.8068382E+00   5.2186195E-02
  2.8168299E+00   5.1761001E-02
  2.8268216E+00   5.1335808E-02
  2.8368133E+00   5.0910607E-02
  2.8468050E+00   5.0485414E-02
  2.8567967E+00   5.0060220E-02
  2.8667884E+00   4.9635027E-02
  2.8767801E+00   4.9209833E-02
  2.8867719E+00   4.8784629E-02
  2.8967636E+00   4.8359435E-02
  2.9067553E+00   4.7951266E-02
  2.9167470E+00   4.7558270E-02
  2.9267387E+00   4.7165271E-02
  2.9367304E+00   4.6772275E-02
  2.9467221E+00   4.6379283E-02
  2.9567138E+00   4.5986291E-02
  2.9667055E+00   4.5593288E-02
  2.9766972E+00   4.5200296E-02
  2.9866889E+00   4.4807300E-02
  2.9966806E+00   4.4414308E-02
  3.0066723E+00   4.4046812E-02
  3.0166640E+00   4.3683119E-02
  3.0266557E+00   4.3319423E-02
  3.0366474E+00   4.2955726E-02
  3.0466391E+00   4.2592034E-02
  3.0566308E+00   4.2228330E-02
  3.0666225E+00   4.1864634E-02
  3.0766142E+00   4.1500941E-02
  3.0866059E+00   4.1137245E-02
  3.0965976E+00   4.0779196E-02
  3.1065893E+00   4.0442098E-02
  3.1165810E+00   4.0105004E-02
  3.1265727E+00   3.9767906E-02
  3.1365644E+00   3.9430801E-02
  3.1465561E+00   3.9093707E-02
  3.1565478E+00   3.8756609E-02
  3.1665395E+00   3.8419515E-02
  3.1765312E+00   3.8082417E-02
  3.1865229E+00   3.7745312E-02
  3.1965146E+00   3.7421584E-02
  3.2065063E+00   3.7108589E-02
  3.2164980E+00   3.6795594E-02
  3.2264897E+00   3.6482595E-02
  3.2364814E+00   3.6169600E-02
  3.2464731E+00   3.5856605E-02
  3.2564648E+00   3.5543613E-02
  3.2664565E+00   3.5230611E-02
  3.2764482E+00   3.4917619E-02
  3.2864399E+00   3.4604624E-02
  3.2964316E+00   3.4311164E-02
  3.3064233E+00   3.4019955E-02
  3.3164150E+00   3.3728752E-02
  3.3264067E+00   3.3437546E-02
  3.3363984E+00   3.3146344E-02
  3.3463901E+00   3.2855142E-02
  3.3563818E+00   3.2563929E-02
  3.3663735E+00   3.2272726E-02
  3.3763652E+00   3.1981524E-02
  3.3863569E+00   3.1695005E-02
  3.3963486E+00   3.1423446E-02
 3.406340324802   3.1151891E-02
  3.4163320E+00   3.0880338E-02
  3.4263237E+00   3.0608783E-02
  3.4363154E+00   3.0337224E-02
  3.4463071E+00   3.0065669E-02
  3.4562988E+00   2.9794116E-02
  3.4662905E+00   2.9522562E-02
  3.4762822E+00   2.9251009E-02
  3.4862739E+00   2.8989704E-02
  3.4962656E+00   2.8735822E-02
  3.5062573E+00   2.8481940E-02
  3.5162490E+00   2.8228058E-02
  3.5262407E+00   2.7974170E-02
  3.5362324E+00   2.7720287E-02
  3.5462241E+00   2.7466405E-02
  3.5562158E+00   2.7212523E-02
  3.5662075E+00   2.6958633E-02
  3.5761992E+00   2.6704751E-02
  3.5861910E+00   2.6465476E-02
  3.5961827E+00   2.6227428E-02
  3.6061744E+00   2.5989374E-02
  3.6161661E+00   2.5751328E-02
  3.6261578E+00   2.5513280E-02
  3.6361495E+00   2.5275234E-02
  3.6461412E+00   2.5037186E-02
  3.6561329E+00   2.4799133E-02
  3.6661246E+00   2.4561087E-02
  3.6761163E+00   2.4326775E-02
  3.6861080E+00   2.4102859E-02
  3.6960997E+00   2.3878939E-02
  3.7060914E+00   2.3655025E-02
  3.7160831E+00   2.3431111E-02
  3.7260748E+00   2.3207195E-02
  3.7360665E+00   2.2983275E-02
  3.7460582E+00   2.2759361E-02
  3.7560499E+00   2.2535447E-02
  3.7660416E+00   2.2311531E-02
  3.7760333E+00   2.2095224E-02
  3.7860250E+00   2.1883853E-02
  3.7960167E+00   2.1672485E-02
  3.8060084E+00   2.1461118E-02
  3.8160001E+00   2.1249751E-02
  3.8259918E+00   2.1038378E-02
  3.8359835E+00   2.0827010E-02
  3.8459752E+00   2.0615645E-02
  3.8559669E+00   2.0404277E-02
  3.8659586E+00   2.0192904E-02
  3.8759503E+00   1.9992029E-02
  3.8859420E+00   1.9791728E-02
  3.8959337E+00   1.9591425E-02
  3.9059254E+00   1.9391118E-02
  3.9159171E+00   1.9190816E-02
  3.9259088E+00   1.8990513E-02
  3.9359005E+00   1.8790212E-02
  3.9458922E+00   1.8589910E-02
  3.9558839E+00   1.8389603E-02
  3.9658756E+00   1.8192109E-02
  3.9758673E+00   1.8001484E-02
  3.9858590E+00   1.7810859E-02
  3.9958507E+00   1.7620230E-02
  4.0058424E+00   1.7429609E-02
  4.0158341E+00   1.7238975E-02
  4.0258258E+00   1.7048350E-02
  4.0358175E+00   1.6857725E-02
  4.0458092E+00   1.6667100E-02
 4.055800916893   1.6476475E-02
  4.0657926E+00   1.6291140E-02
  4.0757843E+00   1.6108882E-02
  4.0857760E+00   1.5926624E-02
  4.0957677E+00   1.5744364E-02
  4.1057594E+00   1.5562098E-02
  4.1157511E+00   1.5379839E-02
  4.1257428E+00   1.5197581E-02
  4.1357345E+00   1.5015323E-02
  4.1457262E+00   1.4833064E-02
  4.1557179E+00   1.4650806E-02
  4.1657096E+00   1.4475491E-02
  4.1757013E+00   1.4300360E-02
  4.1856930E+00   1.4125222E-02
  4.1956847E+00   1.3950092E-02
  4.2056764E+00   1.3774961E-02
  4.2156681E+00   1.3599831E-02
  4.2256598E+00   1.3424700E-02
  4.2356515E+00   1.3249571E-02
  4.2456432E+00   1.3074440E-02
  4.2556349E+00   1.2901188E-02
  4.2656266E+00   1.2732001E-02
  4.2756183E+00   1.2562807E-02
  4.2856100E+00   1.2393620E-02
  4.2956018E+00   1.2224433E-02
  4.3055935E+00   1.2055246E-02
  4.3155852E+00   1.1886059E-02
  4.3255769E+00   1.1716872E-02
  4.3355686E+00   1.1547686E-02
  4.3455603E+00   1.1378499E-02
  4.3555520E+00   1.1212467E-02
  4.3655437E+00   1.1048087E-02
  4.3755354E+00   1.0883707E-02
  4.3855271E+00   1.0719326E-02
  4.3955188E+00   1.0554946E-02
  4.4055105E+00   1.0390566E-02
  4.4155022E+00   1.0226185E-02
  4.4254939E+00   1.0061804E-02
  4.4354856E+00   9.8974239E-03
  4.4454773E+00   9.7330362E-03
