# Version 1.0
# tree entry: B-Field (Ms)_Abs (X)

             -1   1.3765940E-05
 -9.9000830E-01   1.3262150E-05
 -9.8001660E-01   1.2758374E-05
 -9.7002490E-01   1.2254615E-05
 -9.6003319E-01   1.1750876E-05
 -9.5004149E-01   1.1247158E-05
 -9.4004979E-01   1.0743464E-05
 -9.3005809E-01   1.0239797E-05
 -9.2006639E-01   9.7361663E-06
 -9.1007469E-01   9.2325710E-06
 -9.0008299E-01   8.7290200E-06
 -8.9009128E-01   8.2255204E-06
 -8.8009958E-01   7.7220842E-06
 -8.7010788E-01   7.2187229E-06
 -8.6011618E-01   6.7154542E-06
 -8.5012448E-01   6.2123016E-06
 -8.4013278E-01   5.7092938E-06
 -8.3014108E-01   5.2064747E-06
 -8.2014937E-01   4.7036021E-06
 -8.1015767E-01   4.1987144E-06
 -8.0016597E-01   3.6943056E-06
 -7.9017427E-01   3.1906024E-06
 -7.8018257E-01   2.6880009E-06
 -7.7019087E-01   2.1872651E-06
 -7.6019917E-01   1.6900444E-06
 -7.5020746E-01   1.2007207E-06
 -7.4021576E-01   7.3523441E-07
 -7.3022406E-01   3.9085472E-07
 -7.2023236E-01   5.2756423E-07
 -7.1024066E-01   9.5772622E-07
 -7.0024896E-01   1.4385801E-06
 -6.9025726E-01   1.9326528E-06
 -6.8026555E-01   2.4326820E-06
 -6.7027385E-01   2.9366177E-06
 -6.6028215E-01   3.4425484E-06
 -6.5029045E-01   3.9497073E-06
 -6.4029875E-01   4.4576757E-06
 -6.3030705E-01   4.9662045E-06
 -6.2031535E-01   5.4751352E-06
 -6.1032364E-01   5.9843699E-06
 -6.0033194E-01   6.4938351E-06
 -5.9034024E-01   7.0034804E-06
 -5.8034854E-01   7.5132697E-06
 -5.7035684E-01   8.0231752E-06
 -5.6036514E-01   8.5331755E-06
 -5.5037344E-01   9.0432550E-06
 -5.4038173E-01   9.0592075E-06
 -5.3039003E-01   9.0560566E-06
 -5.2039833E-01   9.0529888E-06
 -5.1040663E-01   9.0500043E-06
 -5.0041493E-01   9.0471031E-06
 -4.9042323E-01   9.0442854E-06
 -4.8043153E-01   9.0415511E-06
 -4.7043982E-01   9.0389004E-06
 -4.6044812E-01   9.0363333E-06
 -4.5045642E-01   9.0338499E-06
 -4.4046472E-01   4.2847684E-03
 -4.3047302E-01   8.7841088E-03
 -4.2048132E-01   1.3283450E-02
 -4.1048962E-01   1.7782789E-02
 -4.0049791E-01   2.2282129E-02
 -3.9050621E-01   2.6781471E-02
 -3.8051451E-01   3.1270497E-02
 -3.7052281E-01   3.5751324E-02
 -3.6053111E-01   4.0232137E-02
 -3.5053941E-01   4.4712964E-02
 -3.4054771E-01   4.9193792E-02
 -3.3055601E-01   5.3674620E-02
 -3.2056430E-01   5.8155447E-02
 -3.1057260E-01   6.2636271E-02
 -3.0058090E-01   6.7117095E-02
 -2.9058920E-01   7.1597911E-02
 -2.8059750E-01   7.6078743E-02
 -2.7060580E-01   8.0559567E-02
 -2.6061410E-01   8.4990531E-02
 -2.5062239E-01   8.9396693E-02
 -2.4063069E-01   9.3802854E-02
 -2.3063899E-01   9.8209009E-02
 -2.2064729E-01   1.0261516E-01
 -2.1065559E-01   1.0702132E-01
 -2.0066389E-01   1.1142749E-01
 -1.9067219E-01   1.1583364E-01
 -1.8068048E-01   1.2023980E-01
 -1.7068878E-01   1.2464596E-01
 -1.6069708E-01   1.2905212E-01
 -1.5070538E-01   1.3345827E-01
 -1.4071368E-01   1.3774678E-01
 -1.3072198E-01   1.4200181E-01
 -1.2073028E-01   1.4625685E-01
 -1.1073857E-01   1.5051188E-01
 -1.0074687E-01   1.5476692E-01
 -9.0755171E-02   1.5902194E-01
 -8.0763470E-02   1.6327697E-01
 -7.0771768E-02   1.6753200E-01
 -6.0780067E-02   1.7178704E-01
 -5.0788365E-02   1.7604207E-01
 -4.0796664E-02   1.8029711E-01
 -3.0804963E-02   1.8455213E-01
 -2.0813261E-02   1.8856449E-01
 -1.0821560E-02   1.9254664E-01
 -8.2985832E-04   1.9652879E-01
  9.1618431E-03   2.0051093E-01
  1.9153545E-02   2.0449308E-01
  2.9145246E-02   2.0847522E-01
  3.9136947E-02   2.1245736E-01
  4.9128649E-02   2.1643950E-01
  5.9120350E-02   2.2042164E-01
  6.9112052E-02   2.2440378E-01
  7.9103753E-02   2.2838593E-01
  8.9095454E-02   2.3236807E-01
  9.9087156E-02   2.3589009E-01
  1.0907886E-01   2.3941211E-01
  1.1907056E-01   2.4293414E-01
  1.2906226E-01   2.4645616E-01
  1.3905396E-01   2.4997818E-01
  1.4904566E-01   2.5350019E-01
  1.5903736E-01   2.5702223E-01
  1.6902907E-01   2.6054424E-01
  1.7902077E-01   2.6406628E-01
  1.8901247E-01   2.6758829E-01
  1.9900417E-01   2.7111033E-01
  2.0899587E-01   2.7455208E-01
  2.1898757E-01   2.7734941E-01
  2.2897927E-01   2.8014675E-01
  2.3897098E-01   2.8294408E-01
  2.4896268E-01   2.8574139E-01
  2.5895438E-01   2.8853872E-01
  2.6894608E-01   2.9133606E-01
  2.7893778E-01   2.9413339E-01
  2.8892948E-01   2.9693073E-01
  2.9892118E-01   2.9972804E-01
  3.0891289E-01   3.0252537E-01
  3.1890459E-01   3.0532271E-01
  3.2889629E-01   3.0789033E-01
  3.3888799E-01   3.0965051E-01
  3.4887969E-01   3.1141070E-01
  3.5887139E-01   3.1317085E-01
  3.6886309E-01   3.1493104E-01
  3.7885480E-01   3.1669122E-01
  3.8884650E-01   3.1845140E-01
  3.9883820E-01   3.2021156E-01
  4.0882990E-01   3.2197174E-01
  4.1882160E-01   3.2373193E-01
  4.2881330E-01   3.2549211E-01
  4.3880500E-01   3.2725230E-01
  4.4879671E-01   3.2857323E-01
  4.5878841E-01   3.2901132E-01
  4.6878011E-01   3.2944942E-01
  4.7877181E-01   3.2988748E-01
  4.8876351E-01   3.3032557E-01
  4.9875521E-01   3.3076364E-01
  5.0874691E-01   3.3120173E-01
  5.1873862E-01   3.3163983E-01
  5.2873032E-01   3.3207789E-01
  5.3872202E-01   3.3251598E-01
  5.4871372E-01   3.3295405E-01
  5.5870542E-01   3.3339214E-01
  5.6869712E-01   3.3383024E-01
  5.7868882E-01   3.3422941E-01
  5.8868053E-01   3.3358276E-01
  5.9867223E-01   3.3293611E-01
  6.0866393E-01   3.3228946E-01
  6.1865563E-01   3.3164281E-01
  6.2864733E-01   3.3099616E-01
  6.3863903E-01   3.3034950E-01
  6.4863073E-01   3.2970285E-01
  6.5862244E-01   3.2905620E-01
  6.6861414E-01   3.2840955E-01
  6.7860584E-01   3.2776290E-01
  6.8859754E-01   3.2711625E-01
  6.9858924E-01   3.2646960E-01
  7.0858094E-01   3.2582295E-01
  7.1857264E-01   3.2468200E-01
  7.2856435E-01   3.2336697E-01
  7.3855605E-01   3.2205191E-01
  7.4854775E-01   3.2073686E-01
  7.5853945E-01   3.1942180E-01
  7.6853115E-01   3.1810674E-01
  7.7852285E-01   3.1679168E-01
  7.8851455E-01   3.1547666E-01
  7.9850626E-01   3.1416160E-01
  8.0849796E-01   3.1284654E-01
  8.1848966E-01   3.1153148E-01
  8.2848136E-01   3.1021643E-01
  8.3847306E-01   3.0890140E-01
  8.4846476E-01   3.0737782E-01
  8.5845646E-01   3.0559227E-01
  8.6844816E-01   3.0380672E-01
  8.7843987E-01   3.0202115E-01
  8.8843157E-01   3.0023560E-01
  8.9842327E-01   2.9845002E-01
  9.0841497E-01   2.9666448E-01
  9.1840667E-01   2.9487890E-01
  9.2839837E-01   2.9309335E-01
  9.3839007E-01   2.9130778E-01
  9.4838178E-01   2.8952223E-01
  9.5837348E-01   2.8773665E-01
  9.6836518E-01   2.8595111E-01
  9.7835688E-01   2.8416553E-01
  9.8834858E-01   2.8237998E-01
  9.9834028E-01   2.8059441E-01
  1.0083320E+00   2.7880886E-01
  1.0183237E+00   2.7702332E-01
  1.0283154E+00   2.7523774E-01
  1.0383071E+00   2.7345219E-01
  1.0482988E+00   2.7166662E-01
  1.0582905E+00   2.6988107E-01
  1.0682822E+00   2.6809549E-01
  1.0782739E+00   2.6630995E-01
  1.0882656E+00   2.6450568E-01
  1.0982573E+00   2.6268810E-01
  1.1082490E+00   2.6087055E-01
  1.1182407E+00   2.5905299E-01
  1.1282324E+00   2.5723544E-01
  1.1382241E+00   2.5541785E-01
  1.1482158E+00   2.5360030E-01
  1.1582075E+00   2.5178272E-01
  1.1681992E+00   2.4996516E-01
  1.1781909E+00   2.4814759E-01
  1.1881826E+00   2.4633004E-01
  1.1981743E+00   2.4451245E-01
  1.2081660E+00   2.4269490E-01
  1.2181577E+00   2.4087733E-01
  1.2281494E+00   2.3905978E-01
  1.2381411E+00   2.3724222E-01
  1.2481328E+00   2.3542464E-01
  1.2581245E+00   2.3360708E-01
  1.2681162E+00   2.3178951E-01
  1.2781079E+00   2.2997196E-01
  1.2880996E+00   2.2815439E-01
  1.2980913E+00   2.2633684E-01
  1.3080830E+00   2.2451925E-01
  1.3180747E+00   2.2270170E-01
  1.3280664E+00   2.2088413E-01
  1.3380581E+00   2.1906658E-01
  1.3480498E+00   2.1739544E-01
  1.3580415E+00   2.1578906E-01
  1.3680332E+00   2.1418266E-01
  1.3780249E+00   2.1257627E-01
  1.3880166E+00   2.1096988E-01
  1.3980083E+00   2.0936348E-01
  1.4080000E+00   2.0775709E-01
  1.4179917E+00   2.0615068E-01
  1.4279834E+00   2.0454431E-01
  1.4379751E+00   2.0293790E-01
  1.4479668E+00   2.0133151E-01
  1.4579585E+00   1.9972511E-01
  1.4679502E+00   1.9811872E-01
  1.4779420E+00   1.9651231E-01
  1.4879337E+00   1.9490594E-01
  1.4979254E+00   1.9329952E-01
  1.5079171E+00   1.9169314E-01
  1.5179088E+00   1.9008674E-01
  1.5279005E+00   1.8848035E-01
  1.5378922E+00   1.8687396E-01
  1.5478839E+00   1.8526755E-01
  1.5578756E+00   1.8366116E-01
  1.5678673E+00   1.8205476E-01
  1.5778590E+00   1.8044838E-01
  1.5878507E+00   1.7884198E-01
  1.5978424E+00   1.7723559E-01
  1.6078341E+00   1.7584343E-01
  1.6178258E+00   1.7450404E-01
  1.6278175E+00   1.7316464E-01
  1.6378092E+00   1.7182526E-01
  1.6478009E+00   1.7048585E-01
  1.6577926E+00   1.6914646E-01
  1.6677843E+00   1.6780706E-01
  1.6777760E+00   1.6646768E-01
  1.6877677E+00   1.6512829E-01
  1.6977594E+00   1.6378888E-01
  1.7077511E+00   1.6244951E-01
  1.7177428E+00   1.6111010E-01
  1.7277345E+00   1.5977071E-01
  1.7377262E+00   1.5843132E-01
  1.7477179E+00   1.5709193E-01
  1.7577096E+00   1.5575252E-01
  1.7677013E+00   1.5441315E-01
  1.7776930E+00   1.5307374E-01
  1.7876847E+00   1.5173435E-01
  1.7976764E+00   1.5039495E-01
  1.8076681E+00   1.4905557E-01
  1.8176598E+00   1.4771616E-01
  1.8276515E+00   1.4637677E-01
  1.8376432E+00   1.4503740E-01
  1.8476349E+00   1.4369799E-01
  1.8576266E+00   1.4235860E-01
  1.8676183E+00   1.4124885E-01
  1.8776100E+00   1.4016148E-01
  1.8876017E+00   1.3907410E-01
  1.8975934E+00   1.3798672E-01
  1.9075851E+00   1.3689934E-01
  1.9175768E+00   1.3581195E-01
  1.9275685E+00   1.3472457E-01
  1.9375602E+00   1.3363719E-01
  1.9475519E+00   1.3254981E-01
  1.9575436E+00   1.3146242E-01
  1.9675353E+00   1.3037504E-01
  1.9775270E+00   1.2928766E-01
  1.9875187E+00   1.2820029E-01
  1.9975104E+00   1.2711290E-01
  2.0075021E+00   1.2602553E-01
  2.0174938E+00   1.2493815E-01
  2.0274855E+00   1.2385075E-01
  2.0374772E+00   1.2276337E-01
  2.0474689E+00   1.2167600E-01
  2.0574606E+00   1.2058862E-01
  2.0674523E+00   1.1950122E-01
  2.0774440E+00   1.1841384E-01
  2.0874357E+00   1.1732647E-01
  2.0974274E+00   1.1623909E-01
  2.1074191E+00   1.1515170E-01
  2.1174108E+00   1.1406865E-01
  2.1274025E+00   1.1319620E-01
  2.1373942E+00   1.1232375E-01
  2.1473859E+00   1.1145131E-01
  2.1573776E+00   1.1057884E-01
  2.1673693E+00   1.0970639E-01
  2.1773611E+00   1.0883394E-01
  2.1873528E+00   1.0796149E-01
  2.1973445E+00   1.0708902E-01
  2.2073362E+00   1.0621658E-01
  2.2173279E+00   1.0534413E-01
  2.2273196E+00   1.0447168E-01
  2.2373113E+00   1.0359921E-01
  2.2473030E+00   1.0272676E-01
  2.2572947E+00   1.0185432E-01
  2.2672864E+00   1.0098187E-01
  2.2772781E+00   1.0010942E-01
  2.2872698E+00   9.9236950E-02
  2.2972615E+00   9.8364502E-02
  2.3072532E+00   9.7492054E-02
  2.3172449E+00   9.6619606E-02
  2.3272366E+00   9.5747143E-02
  2.3372283E+00   9.4874695E-02
  2.3472200E+00   9.4002247E-02
  2.3572117E+00   9.3129799E-02
  2.3672034E+00   9.2257328E-02
  2.3771951E+00   9.1407441E-02
  2.3871868E+00   9.0709843E-02
  2.3971785E+00   9.0012245E-02
  2.4071702E+00   8.9314640E-02
  2.4171619E+00   8.8617042E-02
  2.4271536E+00   8.7919444E-02
  2.4371453E+00   8.7221846E-02
  2.4471370E+00   8.6524256E-02
  2.4571287E+00   8.5826643E-02
  2.4671204E+00   8.5129045E-02
  2.4771121E+00   8.4431447E-02
  2.4871038E+00   8.3733857E-02
  2.4970955E+00   8.3036244E-02
  2.5070872E+00   8.2338646E-02
  2.5170789E+00   8.1641048E-02
  2.5270706E+00   8.0943458E-02
  2.5370623E+00   8.0245845E-02
  2.5470540E+00   7.9548247E-02
  2.5570457E+00   7.8850649E-02
  2.5670374E+00   7.8153059E-02
  2.5770291E+00   7.7455461E-02
  2.5870208E+00   7.6757848E-02
  2.5970125E+00   7.6060250E-02
  2.6070042E+00   7.5362660E-02
  2.6169959E+00   7.4665062E-02
  2.6269876E+00   7.3967449E-02
  2.6369793E+00   7.3302865E-02
  2.6469710E+00   7.2744034E-02
  2.6569627E+00   7.2185196E-02
  2.6669544E+00   7.1626350E-02
  2.6769461E+00   7.1067512E-02
  2.6869378E+00   7.0508681E-02
  2.6969295E+00   6.9949843E-02
  2.7069212E+00   6.9390997E-02
  2.7169129E+00   6.8832166E-02
  2.7269046E+00   6.8273328E-02
  2.7368963E+00   6.7714497E-02
  2.7468880E+00   6.7155659E-02
 2.756879732711   6.6596813E-02
  2.7668714E+00   6.6037983E-02
  2.7768631E+00   6.5479144E-02
  2.7868548E+00   6.4920314E-02
  2.7968465E+00   6.4361461E-02
  2.8068382E+00   6.3802630E-02
  2.8168299E+00   6.3243791E-02
  2.8268216E+00   6.2684961E-02
  2.8368133E+00   6.2126115E-02
  2.8468050E+00   6.1567277E-02
  2.8567967E+00   6.1008446E-02
  2.8667884E+00   6.0449611E-02
  2.8767801E+00   5.9890777E-02
  2.8867719E+00   5.9331927E-02
  2.8967636E+00   5.8810685E-02
  2.9067553E+00   5.8360260E-02
  2.9167470E+00   5.7909835E-02
  2.9267387E+00   5.7459395E-02
  2.9367304E+00   5.7008971E-02
  2.9467221E+00   5.6558546E-02
  2.9567138E+00   5.6108117E-02
  2.9667055E+00   5.5657681E-02
  2.9766972E+00   5.5207256E-02
  2.9866889E+00   5.4756828E-02
  2.9966806E+00   5.4306403E-02
  3.0066723E+00   5.3855967E-02
  3.0166640E+00   5.3405542E-02
  3.0266557E+00   5.2955113E-02
  3.0366474E+00   5.2504689E-02
  3.0466391E+00   5.2054264E-02
  3.0566308E+00   5.1603824E-02
  3.0666225E+00   5.1153399E-02
  3.0766142E+00   5.0702974E-02
  3.0866059E+00   5.0252546E-02
  3.0965976E+00   4.9802110E-02
  3.1065893E+00   4.9351685E-02
  3.1165810E+00   4.8901260E-02
  3.1265727E+00   4.8450831E-02
  3.1365644E+00   4.8000395E-02
  3.1465561E+00   4.7549970E-02
  3.1565478E+00   4.7137689E-02
  3.1665395E+00   4.6770982E-02
  3.1765312E+00   4.6404276E-02
  3.1865229E+00   4.6037562E-02
  3.1965146E+00   4.5670856E-02
  3.2065063E+00   4.5304149E-02
  3.2164980E+00   4.4937443E-02
  3.2264897E+00   4.4570729E-02
  3.2364814E+00   4.4204023E-02
  3.2464731E+00   4.3837316E-02
  3.2564648E+00   4.3470610E-02
  3.2664565E+00   4.3103892E-02
  3.2764482E+00   4.2737186E-02
  3.2864399E+00   4.2370480E-02
  3.2964316E+00   4.2003773E-02
  3.3064233E+00   4.1637059E-02
  3.3164150E+00   4.1270353E-02
  3.3264067E+00   4.0903646E-02
  3.3363984E+00   4.0536940E-02
  3.3463901E+00   4.0170234E-02
  3.3563818E+00   3.9803520E-02
  3.3663735E+00   3.9436813E-02
  3.3763652E+00   3.9070107E-02
  3.3863569E+00   3.8703401E-02
  3.3963486E+00   3.8336687E-02
 3.406340324802   3.7969977E-02
  3.4163320E+00   3.7639316E-02
  3.4263237E+00   3.7336465E-02
  3.4363154E+00   3.7033603E-02
  3.4463071E+00   3.6730751E-02
  3.4562988E+00   3.6427896E-02
  3.4662905E+00   3.6125045E-02
  3.4762822E+00   3.5822190E-02
  3.4862739E+00   3.5519332E-02
  3.4962656E+00   3.5216477E-02
  3.5062573E+00   3.4913626E-02
  3.5162490E+00   3.4610771E-02
  3.5262407E+00   3.4307912E-02
  3.5362324E+00   3.4005057E-02
  3.5462241E+00   3.3702206E-02
  3.5562158E+00   3.3399351E-02
  3.5662075E+00   3.3096492E-02
  3.5761992E+00   3.2793637E-02
  3.5861910E+00   3.2490786E-02
  3.5961827E+00   3.2187931E-02
  3.6061744E+00   3.1885073E-02
  3.6161661E+00   3.1582218E-02
  3.6261578E+00   3.1279366E-02
  3.6361495E+00   3.0976512E-02
  3.6461412E+00   3.0673658E-02
  3.6561329E+00   3.0370798E-02
  3.6661246E+00   3.0067945E-02
  3.6761163E+00   2.9797312E-02
  3.6861080E+00   2.9542305E-02
  3.6960997E+00   2.9287294E-02
  3.7060914E+00   2.9032286E-02
  3.7160831E+00   2.8777281E-02
  3.7260748E+00   2.8522274E-02
  3.7360665E+00   2.8267263E-02
  3.7460582E+00   2.8012255E-02
  3.7560499E+00   2.7757250E-02
  3.7660416E+00   2.7502242E-02
  3.7760333E+00   2.7247237E-02
  3.7860250E+00   2.6992224E-02
  3.7960167E+00   2.6737219E-02
  3.8060084E+00   2.6482211E-02
  3.8160001E+00   2.6227206E-02
  3.8259918E+00   2.5972195E-02
  3.8359835E+00   2.5717188E-02
  3.8459752E+00   2.5462180E-02
  3.8559669E+00   2.5207175E-02
  3.8659586E+00   2.4952162E-02
  3.8759503E+00   2.4697157E-02
  3.8859420E+00   2.4442151E-02
  3.8959337E+00   2.4187144E-02
  3.9059254E+00   2.3932133E-02
  3.9159171E+00   2.3677126E-02
  3.9259088E+00   2.3422118E-02
  3.9359005E+00   2.3194313E-02
  3.9458922E+00   2.2974078E-02
  3.9558839E+00   2.2753838E-02
  3.9658756E+00   2.2533603E-02
  3.9758673E+00   2.2313368E-02
  3.9858590E+00   2.2093132E-02
  3.9958507E+00   2.1872891E-02
  4.0058424E+00   2.1652661E-02
  4.0158341E+00   2.1432417E-02
  4.0258258E+00   2.1212181E-02
  4.0358175E+00   2.0991946E-02
  4.0458092E+00   2.0771710E-02
 4.055800916893   2.0551477E-02
  4.0657926E+00   2.0331241E-02
  4.0757843E+00   2.0111006E-02
  4.0857760E+00   1.9890770E-02
  4.0957677E+00   1.9670535E-02
  4.1057594E+00   1.9450288E-02
  4.1157511E+00   1.9230055E-02
  4.1257428E+00   1.9009819E-02
  4.1357345E+00   1.8789584E-02
  4.1457262E+00   1.8569348E-02
  4.1557179E+00   1.8349113E-02
  4.1657096E+00   1.8128879E-02
  4.1757013E+00   1.7908644E-02
  4.1856930E+00   1.7688397E-02
  4.1956847E+00   1.7489403E-02
  4.2056764E+00   1.7293004E-02
  4.2156681E+00   1.7096607E-02
  4.2256598E+00   1.6900208E-02
  4.2356515E+00   1.6703809E-02
  4.2456432E+00   1.6507410E-02
  4.2556349E+00   1.6311010E-02
  4.2656266E+00   1.6114613E-02
  4.2756183E+00   1.5918205E-02
  4.2856100E+00   1.5721805E-02
  4.2956018E+00   1.5525406E-02
  4.3055935E+00   1.5329008E-02
  4.3155852E+00   1.5132609E-02
  4.3255769E+00   1.4936211E-02
  4.3355686E+00   1.4739811E-02
  4.3455603E+00   1.4543412E-02
  4.3555520E+00   1.4347005E-02
  4.3655437E+00   1.4150606E-02
  4.3755354E+00   1.3954207E-02
  4.3855271E+00   1.3757808E-02
  4.3955188E+00   1.3561409E-02
  4.4055105E+00   1.3365010E-02
  4.4155022E+00   1.3168612E-02
  4.4254939E+00   1.2972213E-02
  4.4354856E+00   1.2775814E-02
  4.4454773E+00   1.2579406E-02
