# Version 1.0
# tree entry: B-Field (Ms)_Abs (X)

              0   4.2100143E-01
  9.9898366E-03   4.2158508E-01
  1.9979673E-02   4.2217215E-01
  2.9969510E-02   4.2276265E-01
  3.9959346E-02   4.2318214E-01
  4.9949183E-02   4.2359544E-01
  5.9939019E-02   4.2401198E-01
  6.9928856E-02   4.2443181E-01
  7.9918693E-02   4.2485486E-01
  8.9908529E-02   4.2528118E-01
  9.9898366E-02   4.2555679E-01
  1.0988820E-01   4.2580736E-01
  1.1987804E-01   4.2606100E-01
  1.2986788E-01   4.2631770E-01
  1.3985771E-01   4.2657750E-01
  1.4984755E-01   4.2684033E-01
  1.5983739E-01   4.2697299E-01
  1.6982722E-01   4.2706241E-01
  1.7981706E-01   4.2715469E-01
  1.8980689E-01   4.2724987E-01
  1.9979673E-01   4.2734794E-01
  2.0978657E-01   4.2744890E-01
  2.1977640E-01   4.2744019E-01
  2.2976624E-01   4.2737077E-01
  2.3975608E-01   4.2730408E-01
  2.4974591E-01   4.2724011E-01
  2.5973575E-01   4.2717891E-01
  2.6972559E-01   4.2712040E-01
  2.7971542E-01   4.2697246E-01
  2.8970526E-01   4.2674753E-01
  2.9969510E-01   4.2652519E-01
  3.0968493E-01   4.2630542E-01
  3.1967477E-01   4.2608819E-01
  3.2966461E-01   4.2587357E-01
  3.3965444E-01   4.2558923E-01
  3.4964428E-01   4.2521295E-01
  3.5963412E-01   4.2483909E-01
  3.6962395E-01   4.2446764E-01
  3.7961379E-01   4.2409861E-01
  3.8960363E-01   4.2373202E-01
  3.9959346E-01   4.2331472E-01
  4.0958330E-01   4.2279219E-01
  4.1957314E-01   4.2227192E-01
  4.2956297E-01   4.2175391E-01
  4.3955281E-01   4.2123816E-01
  4.4954265E-01   4.2072472E-01
  4.5953248E-01   4.2017856E-01
  4.6952232E-01   4.1951573E-01
  4.7951216E-01   4.1885502E-01
  4.8950199E-01   4.1819646E-01
  4.9949183E-01   4.1754000E-01
  5.0948166E-01   4.1688568E-01
  5.1947150E-01   4.1621531E-01
  5.2946134E-01   4.1541910E-01
  5.3945117E-01   4.1462485E-01
  5.4944101E-01   4.1383261E-01
  5.5943085E-01   4.1304232E-01
  5.6942068E-01   4.1225407E-01
  5.7941052E-01   4.1146480E-01
  5.8940036E-01   4.1054297E-01
  5.9939019E-01   4.0962296E-01
  6.0938003E-01   4.0870478E-01
  6.1936987E-01   4.0778844E-01
  6.2935970E-01   4.0687396E-01
  6.3934954E-01   4.0596135E-01
  6.4933938E-01   4.0493285E-01
  6.5932921E-01   4.0389562E-01
  6.6931905E-01   4.0286011E-01
  6.7930889E-01   4.0182627E-01
  6.8929872E-01   4.0079413E-01
  6.9928856E-01   3.9976373E-01
  7.0927840E-01   3.9863878E-01
  7.1926823E-01   3.9749365E-01
  7.2925807E-01   3.9635006E-01
  7.3924791E-01   3.9520802E-01
  7.4923774E-01   3.9406756E-01
  7.5922758E-01   3.9292864E-01
  7.6921742E-01   3.9171495E-01
  7.7920725E-01   3.9047190E-01
  7.8919709E-01   3.8923024E-01
  7.9918693E-01   3.8798999E-01
  8.0917676E-01   3.8675117E-01
  8.1916660E-01   3.8551379E-01
  8.2915644E-01   3.8421937E-01
  8.3914627E-01   3.8288880E-01
  8.4913611E-01   3.8155951E-01
  8.5912594E-01   3.8023149E-01
  8.6911578E-01   3.7890476E-01
  8.7910562E-01   3.7757929E-01
  8.8909545E-01   3.7621247E-01
  8.9908529E-01   3.7480523E-01
  9.0907513E-01   3.7339911E-01
  9.1906496E-01   3.7199415E-01
  9.2905480E-01   3.7059031E-01
  9.3904464E-01   3.6918766E-01
  9.4903447E-01   3.6775666E-01
  9.5902431E-01   3.6628319E-01
  9.6901415E-01   3.6481068E-01
  9.7900398E-01   3.6333920E-01
  9.8899382E-01   3.6186870E-01
  9.9898366E-01   3.6039923E-01
  1.0089735E+00   3.5891910E-01
  1.0189633E+00   3.5739018E-01
  1.0289532E+00   3.5586212E-01
  1.0389430E+00   3.5433493E-01
  1.0489328E+00   3.5280866E-01
  1.0589227E+00   3.5128324E-01
  1.0689125E+00   3.4975874E-01
  1.0789023E+00   3.4818679E-01
 1.088892185762   3.4661446E-01
  1.0988820E+00   3.4504291E-01
  1.1088719E+00   3.4347215E-01
  1.1188617E+00   3.4190210E-01
  1.1288515E+00   3.4033286E-01
  1.1388414E+00   3.3872335E-01
  1.1488312E+00   3.3710179E-01
  1.1588210E+00   3.3548084E-01
  1.1688109E+00   3.3386044E-01
  1.1788007E+00   3.3224063E-01
  1.1887906E+00   3.3062142E-01
  1.1987804E+00   3.2900282E-01
  1.2087702E+00   3.2738484E-01
  1.2187601E+00   3.2576752E-01
  1.2287499E+00   3.2415081E-01
  1.2387397E+00   3.2253474E-01
  1.2487296E+00   3.2091362E-01
  1.2587194E+00   3.1926516E-01
  1.2687092E+00   3.1761710E-01
  1.2786991E+00   3.1596947E-01
  1.2886889E+00   3.1432227E-01
  1.2986788E+00   3.1267545E-01
  1.3086686E+00   3.1102906E-01
  1.3186584E+00   3.0938314E-01
  1.3286483E+00   3.0773766E-01
  1.3386381E+00   3.0609259E-01
  1.3486279E+00   3.0444799E-01
  1.3586178E+00   3.0280385E-01
  1.3686076E+00   3.0116021E-01
  1.3785974E+00   2.9951854E-01
  1.3885873E+00   2.9787748E-01
  1.3985771E+00   2.9623670E-01
  1.4085670E+00   2.9459620E-01
  1.4185568E+00   2.9295597E-01
  1.4285466E+00   2.9131604E-01
  1.4385365E+00   2.8967637E-01
  1.4485263E+00   2.8803705E-01
  1.4585161E+00   2.8639800E-01
  1.4685060E+00   2.8475924E-01
  1.4784958E+00   2.8312082E-01
  1.4884856E+00   2.8148271E-01
  1.4984755E+00   2.7986037E-01
  1.5084653E+00   2.7825415E-01
  1.5184552E+00   2.7664808E-01
  1.5284450E+00   2.7504223E-01
  1.5384348E+00   2.7343655E-01
  1.5484247E+00   2.7183103E-01
  1.5584145E+00   2.7022572E-01
  1.5684043E+00   2.6862061E-01
  1.5783942E+00   2.6701569E-01
  1.5883840E+00   2.6541094E-01
  1.5983739E+00   2.6380643E-01
  1.6083637E+00   2.6220211E-01
  1.6183535E+00   2.6060619E-01
  1.6283434E+00   2.5905577E-01
  1.6383332E+00   2.5750545E-01
  1.6483230E+00   2.5595525E-01
  1.6583129E+00   2.5440516E-01
  1.6683027E+00   2.5285520E-01
  1.6782925E+00   2.5130535E-01
  1.6882824E+00   2.4975560E-01
  1.6982722E+00   2.4820599E-01
  1.7082621E+00   2.4665649E-01
  1.7182519E+00   2.4510712E-01
  1.7282417E+00   2.4355789E-01
  1.7382316E+00   2.4200877E-01
  1.7482214E+00   2.4051610E-01
  1.7582112E+00   2.3903637E-01
  1.7682011E+00   2.3755671E-01
  1.7781909E+00   2.3607714E-01
  1.7881807E+00   2.3459760E-01
  1.7981706E+00   2.3311815E-01
  1.8081604E+00   2.3163877E-01
  1.8181503E+00   2.3015944E-01
  1.8281401E+00   2.2868021E-01
  1.8381299E+00   2.2720106E-01
  1.8481198E+00   2.2572197E-01
  1.8581096E+00   2.2424295E-01
  1.8680994E+00   2.2280163E-01
  1.8780893E+00   2.2140197E-01
  1.8880791E+00   2.2000235E-01
  1.8980689E+00   2.1860279E-01
  1.9080588E+00   2.1720324E-01
  1.9180486E+00   2.1580373E-01
  1.9280385E+00   2.1440427E-01
  1.9380283E+00   2.1300485E-01
  1.9480181E+00   2.1160547E-01
  1.9580080E+00   2.1020614E-01
  1.9679978E+00   2.0880684E-01
  1.9779876E+00   2.0740758E-01
  1.9879775E+00   2.0601987E-01
  1.9979673E+00   2.0470550E-01
  2.0079571E+00   2.0339113E-01
  2.0179470E+00   2.0207681E-01
  2.0279368E+00   2.0076248E-01
  2.0379267E+00   1.9944819E-01
  2.0479165E+00   1.9813394E-01
  2.0579063E+00   1.9681967E-01
  2.0678962E+00   1.9550545E-01
  2.0778860E+00   1.9419123E-01
  2.0878758E+00   1.9287706E-01
 2.097865678991   1.9156291E-01
  2.1078555E+00   1.9024876E-01
  2.1178454E+00   1.8900384E-01
  2.1278352E+00   1.8777657E-01
  2.1378250E+00   1.8654934E-01
  2.1478149E+00   1.8532211E-01
  2.1578047E+00   1.8409487E-01
  2.1677945E+00   1.8286767E-01
  2.1777844E+00   1.8164047E-01
  2.1877742E+00   1.8041329E-01
  2.1977640E+00   1.7918610E-01
  2.2077539E+00   1.7795895E-01
  2.2177437E+00   1.7673181E-01
  2.2277336E+00   1.7550465E-01
  2.2377234E+00   1.7431704E-01
  2.2477132E+00   1.7317627E-01
  2.2577031E+00   1.7203551E-01
  2.2676929E+00   1.7089478E-01
  2.2776827E+00   1.6975402E-01
  2.2876726E+00   1.6861328E-01
  2.2976624E+00   1.6747254E-01
  2.3076522E+00   1.6633182E-01
  2.3176421E+00   1.6519112E-01
  2.3276319E+00   1.6405039E-01
  2.3376218E+00   1.6290968E-01
  2.3476116E+00   1.6176896E-01
  2.3576014E+00   1.6063820E-01
  2.3675913E+00   1.5958149E-01
  2.3775811E+00   1.5852479E-01
  2.3875709E+00   1.5746809E-01
  2.3975608E+00   1.5641138E-01
  2.4075506E+00   1.5535469E-01
  2.4175404E+00   1.5429797E-01
  2.4275303E+00   1.5324129E-01
  2.4375201E+00   1.5218461E-01
  2.4475100E+00   1.5112791E-01
  2.4574998E+00   1.5007123E-01
  2.4674896E+00   1.4901454E-01
  2.4774795E+00   1.4795787E-01
  2.4874693E+00   1.4696384E-01
  2.4974591E+00   1.4598754E-01
  2.5074490E+00   1.4501126E-01
  2.5174388E+00   1.4403497E-01
  2.5274287E+00   1.4305870E-01
  2.5374185E+00   1.4208241E-01
  2.5474083E+00   1.4110613E-01
  2.5573982E+00   1.4012987E-01
  2.5673880E+00   1.3915357E-01
  2.5773778E+00   1.3817732E-01
  2.5873677E+00   1.3720103E-01
  2.5973575E+00   1.3622476E-01
  2.6073473E+00   1.3528194E-01
  2.6173372E+00   1.3438165E-01
  2.6273270E+00   1.3348138E-01
  2.6373169E+00   1.3258110E-01
  2.6473067E+00   1.3168083E-01
  2.6572965E+00   1.3078056E-01
  2.6672864E+00   1.2988027E-01
  2.6772762E+00   1.2898001E-01
  2.6872660E+00   1.2807972E-01
  2.6972559E+00   1.2717945E-01
  2.7072457E+00   1.2627917E-01
  2.7172355E+00   1.2537890E-01
  2.7272254E+00   1.2448581E-01
  2.7372152E+00   1.2365665E-01
  2.7472051E+00   1.2282751E-01
  2.7571949E+00   1.2199835E-01
  2.7671847E+00   1.2116921E-01
  2.7771746E+00   1.2034006E-01
  2.7871644E+00   1.1951090E-01
  2.7971542E+00   1.1868176E-01
  2.8071441E+00   1.1785260E-01
  2.8171339E+00   1.1702345E-01
  2.8271237E+00   1.1619431E-01
  2.8371136E+00   1.1536515E-01
  2.8471034E+00   1.1453601E-01
  2.8570933E+00   1.1375719E-01
  2.8670831E+00   1.1299412E-01
  2.8770729E+00   1.1223102E-01
  2.8870628E+00   1.1146795E-01
  2.8970526E+00   1.1070488E-01
  2.9070424E+00   1.0994179E-01
  2.9170323E+00   1.0917872E-01
  2.9270221E+00   1.0841563E-01
  2.9370120E+00   1.0765256E-01
  2.9470018E+00   1.0688949E-01
  2.9569916E+00   1.0612640E-01
  2.9669815E+00   1.0536332E-01
  2.9769713E+00   1.0462602E-01
  2.9869611E+00   1.0392393E-01
  2.9969510E+00   1.0322184E-01
  3.0069408E+00   1.0251974E-01
  3.0169306E+00   1.0181765E-01
  3.0269205E+00   1.0111555E-01
  3.0369103E+00   1.0041347E-01
  3.0469002E+00   9.9711376E-02
  3.0568900E+00   9.9009279E-02
  3.0668798E+00   9.8307190E-02
  3.0768697E+00   9.7605086E-02
  3.0868595E+00   9.6903005E-02
  3.0968493E+00   9.6205580E-02
  3.1068392E+00   9.5559475E-02
  3.1168290E+00   9.4913363E-02
  3.1268188E+00   9.4267243E-02
  3.1368087E+00   9.3621131E-02
  3.1467985E+00   9.2975012E-02
  3.1567884E+00   9.2328902E-02
  3.1667782E+00   9.1682799E-02
  3.1767680E+00   9.1036674E-02
 3.186757864753   9.0390571E-02
  3.1967477E+00   8.9744447E-02
  3.2067375E+00   8.9098346E-02
  3.2167274E+00   8.8452238E-02
  3.2267172E+00   8.7844214E-02
  3.2367070E+00   8.7249267E-02
  3.2466969E+00   8.6654313E-02
  3.2566867E+00   8.6059375E-02
  3.2666766E+00   8.5464422E-02
  3.2766664E+00   8.4869485E-02
  3.2866562E+00   8.4274542E-02
  3.2966461E+00   8.3679592E-02
  3.3066359E+00   8.3084658E-02
  3.3166257E+00   8.2489709E-02
  3.3266156E+00   8.1894770E-02
  3.3366054E+00   8.1299838E-02
  3.3465952E+00   8.0723779E-02
  3.3565851E+00   8.0175434E-02
  3.3665749E+00   7.9627074E-02
  3.3765648E+00   7.9078732E-02
  3.3865546E+00   7.8530390E-02
  3.3965444E+00   7.7982035E-02
  3.4065343E+00   7.7433697E-02
  3.4165241E+00   7.6885352E-02
  3.4265139E+00   7.6337017E-02
  3.4365038E+00   7.5788668E-02
  3.4464936E+00   7.5240336E-02
  3.4564835E+00   7.4692005E-02
  3.4664733E+00   7.4146466E-02
  3.4764631E+00   7.3640404E-02
  3.4864530E+00   7.3134330E-02
  3.4964428E+00   7.2628273E-02
  3.5064326E+00   7.2122219E-02
  3.5164225E+00   7.1616152E-02
  3.5264123E+00   7.1110103E-02
  3.5364021E+00   7.0604049E-02
  3.5463920E+00   7.0098006E-02
  3.5563818E+00   6.9591965E-02
  3.5663717E+00   6.9085912E-02
  3.5763615E+00   6.8579877E-02
  3.5863513E+00   6.8073830E-02
  3.5963412E+00   6.7595602E-02
  3.6063310E+00   6.7127794E-02
  3.6163208E+00   6.6659997E-02
  3.6263107E+00   6.6192205E-02
  3.6363005E+00   6.5724410E-02
  3.6462903E+00   6.5256627E-02
  3.6562802E+00   6.4788840E-02
  3.6662700E+00   6.4321071E-02
  3.6762599E+00   6.3853302E-02
  3.6862497E+00   6.3385531E-02
  3.6962395E+00   6.2917776E-02
  3.7062294E+00   6.2450011E-02
  3.7162192E+00   6.1995636E-02
  3.7262090E+00   6.1562350E-02
  3.7361989E+00   6.1129059E-02
  3.7461887E+00   6.0695787E-02
  3.7561785E+00   6.0262515E-02
  3.7661684E+00   5.9829257E-02
  3.7761582E+00   5.9395996E-02
  3.7861481E+00   5.8962754E-02
  3.7961379E+00   5.8529524E-02
  3.8061277E+00   5.8096287E-02
  3.8161176E+00   5.7663070E-02
  3.8261074E+00   5.7229850E-02
  3.8360972E+00   5.6798167E-02
  3.8460871E+00   5.6395921E-02
  3.8560769E+00   5.5993679E-02
  3.8660668E+00   5.5591455E-02
  3.8760566E+00   5.5189235E-02
  3.8860464E+00   5.4787039E-02
  3.8960363E+00   5.4384851E-02
  3.9060261E+00   5.3982668E-02
  3.9160159E+00   5.3580508E-02
  3.9260058E+00   5.3178351E-02
  3.9359956E+00   5.2776214E-02
  3.9459854E+00   5.2374083E-02
  3.9559753E+00   5.1971973E-02
  3.9659651E+00   5.1589547E-02
  3.9759550E+00   5.1215164E-02
  3.9859448E+00   5.0840811E-02
  3.9959346E+00   5.0466463E-02
  4.0059245E+00   5.0092153E-02
  4.0159143E+00   4.9717835E-02
  4.0259041E+00   4.9343554E-02
  4.0358940E+00   4.8969293E-02
  4.0458838E+00   4.8595049E-02
  4.0558736E+00   4.8220810E-02
  4.0658635E+00   4.7846610E-02
  4.0758533E+00   4.7472432E-02
  4.0858432E+00   4.7107424E-02
  4.0958330E+00   4.6757973E-02
  4.1058228E+00   4.6408534E-02
  4.1158127E+00   4.6059140E-02
  4.1258025E+00   4.5709771E-02
  4.1357923E+00   4.5360429E-02
  4.1457822E+00   4.5011119E-02
  4.1557720E+00   4.4661817E-02
  4.1657618E+00   4.4312567E-02
  4.1757517E+00   4.3963344E-02
  4.1857415E+00   4.3614153E-02
 4.195731357982   4.3264997E-02
  4.2057212E+00   4.2916545E-02
  4.2157110E+00   4.2589359E-02
  4.2257009E+00   4.2262212E-02
  4.2356907E+00   4.1935101E-02
  4.2456805E+00   4.1608034E-02
  4.2556704E+00   4.1280991E-02
  4.2656602E+00   4.0954009E-02
  4.2756501E+00   4.0627067E-02
  4.2856399E+00   4.0300173E-02
  4.2956297E+00   3.9973322E-02
  4.3056196E+00   3.9646507E-02
  4.3156094E+00   3.9319751E-02
  4.3255992E+00   3.8993048E-02
  4.3355891E+00   3.8679765E-02
  4.3455789E+00   3.8372479E-02
  4.3555687E+00   3.8065235E-02
  4.3655586E+00   3.7758067E-02
  4.3755484E+00   3.7450961E-02
  4.3855383E+00   3.7143918E-02
  4.3955281E+00   3.6836925E-02
  4.4055179E+00   3.6530013E-02
  4.4155078E+00   3.6223169E-02
  4.4254976E+00   3.5916395E-02
  4.4354874E+00   3.5609693E-02
  4.4454773E+00   3.5303050E-02
