# Version 1.0
# tree entry: B-Field (Ms)_Abs (X)

              0   1.3908011E+00
  9.9898366E-03   1.3923453E+00
  1.9979673E-02   1.3938898E+00
  2.9969510E-02   1.3950028E+00
  3.9959346E-02   1.3933115E+00
  4.9949183E-02   1.3916206E+00
  5.9939019E-02   1.3899299E+00
  6.9928856E-02   1.3882395E+00
  7.9918693E-02   1.3865494E+00
  8.9908529E-02   1.3836219E+00
  9.9898366E-02   1.3788406E+00
  1.0988820E-01   1.3740595E+00
  1.1987804E-01   1.3692786E+00
  1.2986788E-01   1.3644981E+00
  1.3985771E-01   1.3597177E+00
  1.4984755E-01   1.3530619E+00
  1.5983739E-01   1.3454710E+00
  1.6982722E-01   1.3378802E+00
  1.7981706E-01   1.3302896E+00
  1.8980689E-01   1.3226992E+00
  1.9979673E-01  1.315108989378
  2.0978657E-01   1.3052671E+00
  2.1977640E-01   1.2952666E+00
  2.2976624E-01   1.2852661E+00
  2.3975608E-01   1.2752659E+00
  2.4974591E-01   1.2652659E+00
  2.5973575E-01   1.2548802E+00
  2.6972559E-01   1.2429625E+00
  2.7971542E-01   1.2310447E+00
  2.8970526E-01   1.2191272E+00
  2.9969510E-01   1.2072096E+00
  3.0968493E-01   1.1952923E+00
  3.1967477E-01   1.1827061E+00
  3.2966461E-01   1.1693593E+00
  3.3965444E-01   1.1560125E+00
  3.4964428E-01   1.1426659E+00
  3.5963412E-01   1.1293192E+00
  3.6962395E-01   1.1159727E+00
  3.7961379E-01   1.1024127E+00
  3.8960363E-01   1.0882285E+00
  3.9959346E-01   1.0740444E+00
  4.0958330E-01   1.0598603E+00
  4.1957314E-01   1.0456762E+00
  4.2956297E-01   1.0314921E+00
  4.3955281E-01   1.0172981E+00
  4.4954265E-01   1.0028724E+00
  4.5953248E-01   9.8844668E-01
  4.6952232E-01   9.7402089E-01
  4.7951216E-01   9.5959524E-01
  4.8950199E-01   9.4516959E-01
  4.9949183E-01   9.3074389E-01
  5.0948166E-01   9.1662119E-01
  5.1947150E-01   9.0256115E-01
  5.2946134E-01   8.8850116E-01
  5.3945117E-01   8.7444106E-01
  5.4944101E-01   8.6038103E-01
  5.5943085E-01   8.4632105E-01
  5.6942068E-01   8.3226095E-01
  5.7941052E-01   8.1820097E-01
  5.8940036E-01   8.0414094E-01
  5.9939019E-01   7.9008085E-01
  6.0938003E-01   7.7602087E-01
  6.1936987E-01   7.6234672E-01
  6.2935970E-01   7.4993284E-01
  6.3934954E-01   7.3751902E-01
  6.4933938E-01   7.2510514E-01
  6.5932921E-01   7.1269126E-01
  6.6931905E-01   7.0027751E-01
  6.7930889E-01   6.8786363E-01
  6.8929872E-01   6.7544976E-01
  6.9928856E-01   6.6303594E-01
  7.0927840E-01   6.5062207E-01
  7.1926823E-01   6.3820820E-01
  7.2925807E-01   6.2579445E-01
  7.3924791E-01   6.1338058E-01
  7.4923774E-01   6.0287950E-01
  7.5922758E-01   5.9260207E-01
  7.6921742E-01   5.8232459E-01
  7.7920725E-01   5.7204722E-01
  7.8919709E-01   5.6176981E-01
  7.9918693E-01   5.5149239E-01
  8.0917676E-01   5.4121498E-01
  8.1916660E-01   5.3093757E-01
  8.2915644E-01   5.2066017E-01
  8.3914627E-01   5.1038284E-01
  8.4913611E-01   5.0010539E-01
  8.5912594E-01   4.8982800E-01
  8.6911578E-01   4.8070002E-01
  8.7910562E-01   4.7248907E-01
  8.8909545E-01   4.6427819E-01
  8.9908529E-01   4.5606726E-01
  9.0907513E-01   4.4785633E-01
  9.1906496E-01   4.3964546E-01
  9.2905480E-01   4.3143457E-01
  9.3904464E-01   4.2322366E-01
  9.4903447E-01   4.1501281E-01
  9.5902431E-01   4.0680191E-01
  9.6901415E-01   3.9859102E-01
  9.7900398E-01   3.9038019E-01
  9.8899382E-01   3.8255473E-01
  9.9898366E-01   3.7611944E-01
  1.0089735E+00   3.6968416E-01
  1.0189633E+00   3.6324886E-01
  1.0289532E+00   3.5681355E-01
  1.0389430E+00   3.5037826E-01
  1.0489328E+00   3.4394305E-01
  1.0589227E+00   3.3750777E-01
  1.0689125E+00   3.3107249E-01
  1.0789023E+00   3.2463724E-01
 1.088892185762   3.1820197E-01
  1.0988820E+00   3.1176671E-01
  1.1088719E+00   3.0533155E-01
  1.1188617E+00   3.0015578E-01
  1.1288515E+00   2.9515514E-01
  1.1388414E+00   2.9015448E-01
  1.1488312E+00   2.8515386E-01
  1.1588210E+00   2.8015329E-01
  1.1688109E+00   2.7515264E-01
  1.1788007E+00   2.7015203E-01
  1.1887906E+00   2.6515139E-01
  1.1987804E+00   2.6015079E-01
  1.2087702E+00   2.5515016E-01
  1.2187601E+00   2.5014962E-01
  1.2287499E+00   2.4514902E-01
  1.2387397E+00   2.4075261E-01
  1.2487296E+00   2.3687331E-01
  1.2587194E+00   2.3299399E-01
  1.2687092E+00   2.2911469E-01
  1.2786991E+00   2.2523544E-01
  1.2886889E+00   2.2135615E-01
  1.2986788E+00   2.1747686E-01
  1.3086686E+00   2.1359755E-01
  1.3186584E+00   2.0971827E-01
  1.3286483E+00   2.0583904E-01
  1.3386381E+00   2.0195976E-01
  1.3486279E+00   1.9808049E-01
  1.3586178E+00   1.9437343E-01
  1.3686076E+00   1.9135641E-01
  1.3785974E+00   1.8833939E-01
  1.3885873E+00   1.8532242E-01
  1.3985771E+00   1.8230541E-01
  1.4085670E+00   1.7928840E-01
  1.4185568E+00   1.7627139E-01
  1.4285466E+00   1.7325439E-01
  1.4385365E+00   1.7023739E-01
  1.4485263E+00   1.6722043E-01
  1.4585161E+00   1.6420343E-01
  1.4685060E+00   1.6118644E-01
  1.4784958E+00   1.5816945E-01
  1.4884856E+00   1.5571900E-01
  1.4984755E+00   1.5336032E-01
  1.5084653E+00   1.5100163E-01
  1.5184552E+00   1.4864293E-01
  1.5284450E+00   1.4628424E-01
  1.5384348E+00   1.4392555E-01
  1.5484247E+00   1.4156684E-01
  1.5584145E+00   1.3920818E-01
  1.5684043E+00   1.3684950E-01
  1.5783942E+00   1.3449081E-01
  1.5883840E+00   1.3213213E-01
  1.5983739E+00   1.2977343E-01
  1.6083637E+00   1.2767665E-01
  1.6183535E+00   1.2582013E-01
  1.6283434E+00   1.2396359E-01
  1.6383332E+00   1.2210706E-01
  1.6483230E+00   1.2025054E-01
  1.6583129E+00   1.1839401E-01
  1.6683027E+00   1.1653751E-01
  1.6782925E+00   1.1468099E-01
  1.6882824E+00   1.1282446E-01
  1.6982722E+00   1.1096794E-01
  1.7082621E+00   1.0911142E-01
  1.7182519E+00   1.0725491E-01
  1.7282417E+00   1.0546848E-01
  1.7382316E+00   1.0399617E-01
  1.7482214E+00   1.0252388E-01
  1.7582112E+00   1.0105157E-01
  1.7682011E+00   9.9579265E-02
  1.7781909E+00   9.8106983E-02
  1.7881807E+00   9.6634679E-02
  1.7981706E+00   9.5162376E-02
  1.8081604E+00   9.3690082E-02
  1.8181503E+00   9.2217780E-02
  1.8281401E+00   9.0745480E-02
  1.8381299E+00   8.9273203E-02
  1.8481198E+00   8.7800912E-02
  1.8581096E+00   8.6577669E-02
  1.8680994E+00   8.5400721E-02
  1.8780893E+00   8.4223773E-02
  1.8880791E+00   8.3046825E-02
  1.8980689E+00   8.1869893E-02
  1.9080588E+00   8.0692947E-02
  1.9180486E+00   7.9516001E-02
  1.9280385E+00   7.8339055E-02
  1.9380283E+00   7.7162110E-02
  1.9480181E+00   7.5985181E-02
  1.9580080E+00   7.4808237E-02
  1.9679978E+00   7.3631295E-02
  1.9779876E+00   7.2569597E-02
  1.9879775E+00   7.1621237E-02
  1.9979673E+00   7.0672885E-02
  2.0079571E+00   6.9724533E-02
  2.0179470E+00   6.8776196E-02
  2.0279368E+00   6.7827830E-02
  2.0379267E+00   6.6879487E-02
  2.0479165E+00   6.5931151E-02
  2.0579063E+00   6.4982786E-02
  2.0678962E+00   6.4034444E-02
  2.0778860E+00   6.3086088E-02
  2.0878758E+00   6.2137746E-02
 2.097865678991   6.1218788E-02
  2.1078555E+00   6.0448446E-02
  2.1178454E+00   5.9678122E-02
  2.1278352E+00   5.8907776E-02
  2.1378250E+00   5.8137453E-02
  2.1478149E+00   5.7367130E-02
  2.1578047E+00   5.6596785E-02
  2.1677945E+00   5.5826463E-02
  2.1777844E+00   5.5056123E-02
  2.1877742E+00   5.4285797E-02
  2.1977640E+00   5.3515457E-02
  2.2077539E+00   5.2745132E-02
  2.2177437E+00   5.1974812E-02
  2.2277336E+00   5.1319837E-02
  2.2377234E+00   5.0689189E-02
  2.2477132E+00   5.0058526E-02
  2.2577031E+00   4.9427883E-02
  2.2676929E+00   4.8797235E-02
  2.2776827E+00   4.8166573E-02
  2.2876726E+00   4.7535930E-02
  2.2976624E+00   4.6905269E-02
  2.3076522E+00   4.6274622E-02
  2.3176421E+00   4.5643976E-02
  2.3276319E+00   4.5013319E-02
  2.3376218E+00   4.4382673E-02
  2.3476116E+00   4.3805792E-02
  2.3576014E+00   4.3285611E-02
  2.3675913E+00   4.2765418E-02
  2.3775811E+00   4.2245241E-02
  2.3875709E+00   4.1725060E-02
  2.3975608E+00   4.1204872E-02
  2.4075506E+00   4.0684692E-02
  2.4175404E+00   4.0164500E-02
  2.4275303E+00   3.9644324E-02
  2.4375201E+00   3.9124144E-02
  2.4475100E+00   3.8603953E-02
  2.4574998E+00   3.8083777E-02
  2.4674896E+00   3.7576566E-02
  2.4774795E+00   3.7144252E-02
  2.4874693E+00   3.6711938E-02
  2.4974591E+00   3.6279617E-02
  2.5074490E+00   3.5847303E-02
  2.5174388E+00   3.5414978E-02
  2.5274287E+00   3.4982669E-02
  2.5374185E+00   3.4550344E-02
  2.5474083E+00   3.4118031E-02
  2.5573982E+00   3.3685718E-02
  2.5673880E+00   3.3253398E-02
  2.5773778E+00   3.2821085E-02
  2.5873677E+00   3.2388762E-02
  2.5973575E+00   3.2013346E-02
  2.6073473E+00   3.1651393E-02
  2.6173372E+00   3.1289433E-02
  2.6273270E+00   3.0927478E-02
  2.6373169E+00   3.0565518E-02
  2.6473067E+00   3.0203568E-02
  2.6572965E+00   2.9841615E-02
  2.6672864E+00   2.9479656E-02
  2.6772762E+00   2.9117703E-02
  2.6872660E+00   2.8755742E-02
  2.6972559E+00   2.8393792E-02
  2.7072457E+00   2.8031833E-02
  2.7172355E+00   2.7696534E-02
  2.7272254E+00   2.7391355E-02
  2.7372152E+00   2.7086167E-02
  2.7472051E+00   2.6780989E-02
  2.7571949E+00   2.6475801E-02
  2.7671847E+00   2.6170623E-02
  2.7771746E+00   2.5865443E-02
  2.7871644E+00   2.5560257E-02
  2.7971542E+00   2.5255079E-02
  2.8071441E+00   2.4949892E-02
  2.8171339E+00   2.4644714E-02
  2.8271237E+00   2.4339535E-02
  2.8371136E+00   2.4040347E-02
  2.8471034E+00   2.3781175E-02
  2.8570933E+00   2.3521998E-02
  2.8670831E+00   2.3262826E-02
  2.8770729E+00   2.3003648E-02
  2.8870628E+00   2.2744477E-02
  2.8970526E+00   2.2485305E-02
  2.9070424E+00   2.2226129E-02
  2.9170323E+00   2.1966957E-02
  2.9270221E+00   2.1707779E-02
  2.9370120E+00   2.1448609E-02
  2.9470018E+00   2.1189439E-02
  2.9569916E+00   2.0930262E-02
  2.9669815E+00   2.0700722E-02
  2.9769713E+00   2.0478993E-02
  2.9869611E+00   2.0257269E-02
  2.9969510E+00   2.0035547E-02
  3.0069408E+00   1.9813818E-02
  3.0169306E+00   1.9592096E-02
  3.0269205E+00   1.9370367E-02
  3.0369103E+00   1.9148643E-02
  3.0469002E+00   1.8926921E-02
  3.0568900E+00   1.8705192E-02
  3.0668798E+00   1.8483471E-02
  3.0768697E+00   1.8261742E-02
  3.0868595E+00   1.8053871E-02
  3.0968493E+00   1.7862780E-02
  3.1068392E+00   1.7671693E-02
  3.1168290E+00   1.7480604E-02
  3.1268188E+00   1.7289514E-02
  3.1368087E+00   1.7098427E-02
  3.1467985E+00   1.6907335E-02
  3.1567884E+00   1.6716248E-02
  3.1667782E+00   1.6525161E-02
  3.1767680E+00   1.6334071E-02
 3.186757864753   1.6142984E-02
  3.1967477E+00   1.5951892E-02
  3.2067375E+00   1.5763648E-02
  3.2167274E+00   1.5597704E-02
  3.2267172E+00   1.5431756E-02
  3.2367070E+00   1.5265812E-02
  3.2466969E+00   1.5099864E-02
  3.2566867E+00   1.4933921E-02
  3.2666766E+00   1.4767974E-02
  3.2766664E+00   1.4602030E-02
  3.2866562E+00   1.4436086E-02
  3.2966461E+00   1.4270139E-02
  3.3066359E+00   1.4104195E-02
  3.3166257E+00   1.3938248E-02
  3.3266156E+00   1.3772305E-02
  3.3366054E+00   1.3622353E-02
  3.3465952E+00   1.3477068E-02
  3.3565851E+00   1.3331788E-02
  3.3665749E+00   1.3186504E-02
  3.3765648E+00   1.3041223E-02
  3.3865546E+00   1.2895943E-02
  3.3965444E+00   1.2750659E-02
  3.4065343E+00   1.2605379E-02
  3.4165241E+00   1.2460095E-02
  3.4265139E+00   1.2314815E-02
  3.4365038E+00   1.2169531E-02
  3.4464936E+00   1.2024251E-02
  3.4564835E+00   1.1886348E-02
  3.4664733E+00   1.1758032E-02
  3.4764631E+00   1.1629718E-02
  3.4864530E+00   1.1501402E-02
  3.4964428E+00   1.1373089E-02
  3.5064326E+00   1.1244777E-02
  3.5164225E+00   1.1116460E-02
  3.5264123E+00   1.0988147E-02
  3.5364021E+00   1.0859832E-02
  3.5463920E+00   1.0731519E-02
  3.5563818E+00   1.0603206E-02
  3.5663717E+00   1.0474890E-02
  3.5763615E+00   1.0347906E-02
  3.5863513E+00   1.0233477E-02
  3.5963412E+00   1.0119050E-02
  3.6063310E+00   1.0004620E-02
  3.6163208E+00   9.8901932E-03
  3.6263107E+00   9.7757674E-03
  3.6363005E+00   9.6613378E-03
  3.6462903E+00   9.5469111E-03
  3.6562802E+00   9.4324817E-03
  3.6662700E+00   9.3180551E-03
  3.6762599E+00   9.2036286E-03
  3.6862497E+00   9.0891993E-03
  3.6962395E+00   8.9747729E-03
  3.7062294E+00   8.8689106E-03
  3.7162192E+00   8.7658078E-03
  3.7262090E+00   8.6627041E-03
  3.7361989E+00   8.5595985E-03
  3.7461887E+00   8.4564949E-03
  3.7561785E+00   8.3533895E-03
  3.7661684E+00   8.2502869E-03
  3.7761582E+00   8.1471816E-03
  3.7861481E+00   8.0440782E-03
  3.7961379E+00   7.9409749E-03
  3.8061277E+00   7.8378698E-03
  3.8161176E+00   7.7347671E-03
  3.8261074E+00   7.6354901E-03
  3.8360972E+00   7.5415569E-03
  3.8460871E+00   7.4476242E-03
  3.8560769E+00   7.3536888E-03
  3.8660668E+00   7.2597562E-03
  3.8760566E+00   7.1658209E-03
  3.8860464E+00   7.0718885E-03
  3.8960363E+00   6.9779557E-03
  3.9060261E+00   6.8840206E-03
  3.9160159E+00   6.7900884E-03
  3.9260058E+00   6.6961535E-03
  3.9359956E+00   6.6022215E-03
  3.9459854E+00   6.5088534E-03
  3.9559753E+00   6.4221547E-03
  3.9659651E+00   6.3354561E-03
  3.9759550E+00   6.2487558E-03
  3.9859448E+00   6.1620573E-03
  3.9959346E+00   6.0753571E-03
  4.0059245E+00   5.9886607E-03
  4.0159143E+00   5.9019583E-03
  4.0259041E+00   5.8152603E-03
  4.0358940E+00   5.7285623E-03
  4.0458838E+00   5.6418645E-03
  4.0558736E+00   5.5551630E-03
  4.0658635E+00   5.4684654E-03
  4.0758533E+00   5.3858737E-03
  4.0858432E+00   5.3047312E-03
  4.0958330E+00   5.2235887E-03
  4.1058228E+00   5.1424422E-03
  4.1158127E+00   5.0613000E-03
  4.1258025E+00   4.9801575E-03
  4.1357923E+00   4.8990155E-03
  4.1457822E+00   4.8178737E-03
  4.1557720E+00   4.7367279E-03
  4.1657618E+00   4.6555860E-03
  4.1757517E+00   4.5744447E-03
  4.1857415E+00   4.4933035E-03
 4.195731357982   4.4137501E-03
  4.2057212E+00   4.3365746E-03
  4.2157110E+00   4.2594026E-03
  4.2257009E+00   4.1822313E-03
  4.2356907E+00   4.1050598E-03
  4.2456805E+00   4.0278889E-03
  4.2556704E+00   3.9507141E-03
  4.2656602E+00   3.8735436E-03
  4.2756501E+00   3.7963733E-03
  4.2856399E+00   3.7192033E-03
  4.2956297E+00   3.6420337E-03
  4.3056196E+00   3.5648606E-03
  4.3156094E+00               0
  4.3255992E+00               0
  4.3355891E+00               0
  4.3455789E+00               0
  4.3555687E+00               0
  4.3655586E+00               0
  4.3755484E+00               0
  4.3855383E+00               0
  4.3955281E+00               0
  4.4055179E+00               0
  4.4155078E+00               0
  4.4254976E+00               0
  4.4354874E+00               0
  4.4454773E+00               0
