# Version 1.0
# tree entry: B-Field (Ms)_Abs (X)

              0   1.4835154E+00
  9.9898366E-03   1.4838042E+00
  1.9979673E-02   1.4840933E+00
  2.9969510E-02   1.4839664E+00
  3.9959346E-02   1.4811367E+00
  4.9949183E-02   1.4783070E+00
  5.9939019E-02   1.4754777E+00
  6.9928856E-02   1.4726486E+00
  7.9918693E-02   1.4698198E+00
  8.9908529E-02   1.4657950E+00
  9.9898366E-02   1.4599787E+00
  1.0988820E-01   1.4541626E+00
  1.1987804E-01   1.4483467E+00
  1.2986788E-01   1.4425311E+00
  1.3985771E-01   1.4367156E+00
  1.4984755E-01   1.4290868E+00
  1.5983739E-01   1.4205537E+00
  1.6982722E-01   1.4120209E+00
  1.7981706E-01   1.4034881E+00
  1.8980689E-01   1.3949556E+00
  1.9979673E-01   1.3864232E+00
  2.0978657E-01   1.3757165E+00
  2.1977640E-01   1.3648565E+00
  2.2976624E-01   1.3539968E+00
  2.3975608E-01   1.3431371E+00
  2.4974591E-01   1.3322775E+00
  2.5973575E-01   1.3210476E+00
  2.6972559E-01   1.3083453E+00
  2.7971542E-01   1.2956430E+00
  2.8970526E-01   1.2829409E+00
  2.9969510E-01   1.2702388E+00
  3.0968493E-01   1.2575367E+00
  3.1967477E-01   1.2441988E+00
  3.2966461E-01   1.2301376E+00
  3.3965444E-01   1.2160766E+00
  3.4964428E-01   1.2020156E+00
  3.5963412E-01   1.1879545E+00
  3.6962395E-01   1.1738935E+00
  3.7961379E-01   1.1596350E+00
  3.8960363E-01   1.1448015E+00
  3.9959346E-01   1.1299679E+00
  4.0958330E-01   1.1151343E+00
  4.1957314E-01   1.1003008E+00
  4.2956297E-01   1.0854674E+00
  4.3955281E-01   1.0706259E+00
  4.4954265E-01   1.0556086E+00
  4.5953248E-01   1.0405912E+00
  4.6952232E-01   1.0255738E+00
  4.7951216E-01   1.0105565E+00
  4.8950199E-01   9.9553913E-01
  4.9949183E-01   9.8052176E-01
  5.0948166E-01   9.6587283E-01
  5.1947150E-01   9.5129849E-01
  5.2946134E-01   9.3672422E-01
  5.3945117E-01   9.2214988E-01
  5.4944101E-01   9.0757554E-01
  5.5943085E-01   8.9300127E-01
  5.6942068E-01   8.7842693E-01
  5.7941052E-01   8.6385266E-01
  5.8940036E-01   8.4927832E-01
  5.9939019E-01   8.3470393E-01
  6.0938003E-01   8.2012966E-01
  6.1936987E-01   8.0576118E-01
  6.2935970E-01   7.9292916E-01
  6.3934954E-01   7.8009721E-01
  6.4933938E-01   7.6726519E-01
  6.5932921E-01   7.5443312E-01
  6.6931905E-01   7.4160117E-01
  6.7930889E-01   7.2876916E-01
  6.8929872E-01   7.1593715E-01
  6.9928856E-01   7.0310520E-01
  7.0927840E-01   6.9027320E-01
  7.1926823E-01   6.7744119E-01
  7.2925807E-01   6.6460924E-01
  7.3924791E-01   6.5177724E-01
  7.4923774E-01   6.4067142E-01
  7.5922758E-01   6.3004419E-01
  7.6921742E-01   6.1941696E-01
  7.7920725E-01   6.0878980E-01
  7.8919709E-01   5.9816258E-01
  7.9918693E-01   5.8753536E-01
  8.0917676E-01   5.7690821E-01
  8.1916660E-01   5.6628100E-01
  8.2915644E-01   5.5565380E-01
  8.3914627E-01   5.4502666E-01
  8.4913611E-01   5.3439947E-01
  8.5912594E-01   5.2377228E-01
  8.6911578E-01   5.1409379E-01
  8.7910562E-01   5.0558573E-01
  8.8909545E-01   4.9707767E-01
  8.9908529E-01   4.8856955E-01
  9.0907513E-01   4.8006147E-01
  9.1906496E-01   4.7155345E-01
  9.2905480E-01   4.6304535E-01
  9.3904464E-01   4.5453728E-01
  9.4903447E-01   4.4602925E-01
  9.5902431E-01   4.3752120E-01
  9.6901415E-01   4.2901315E-01
  9.7900398E-01   4.2050514E-01
  9.8899382E-01   4.1220146E-01
  9.9898366E-01   4.0551108E-01
  1.0089735E+00   3.9882077E-01
  1.0189633E+00   3.9213044E-01
  1.0289532E+00   3.8544008E-01
  1.0389430E+00   3.7874975E-01
  1.0489328E+00   3.7205949E-01
  1.0589227E+00   3.6536917E-01
  1.0689125E+00   3.5867883E-01
  1.0789023E+00   3.5198853E-01
 1.088892185762   3.4529820E-01
  1.0988820E+00   3.3860790E-01
  1.1088719E+00   3.3191768E-01
  1.1188617E+00   3.2636907E-01
  1.1288515E+00   3.2114775E-01
  1.1388414E+00   3.1592643E-01
  1.1488312E+00   3.1070515E-01
  1.1588210E+00   3.0548390E-01
  1.1688109E+00   3.0026260E-01
  1.1788007E+00   2.9504130E-01
  1.1887906E+00   2.8982003E-01
  1.1987804E+00   2.8459874E-01
  1.2087702E+00   2.7937745E-01
  1.2187601E+00   2.7415623E-01
  1.2287499E+00   2.6893498E-01
  1.2387397E+00   2.6422202E-01
  1.2487296E+00   2.6015095E-01
  1.2587194E+00   2.5607988E-01
  1.2687092E+00   2.5200878E-01
  1.2786991E+00   2.4793778E-01
  1.2886889E+00   2.4386672E-01
  1.2986788E+00   2.3979564E-01
  1.3086686E+00   2.3572459E-01
  1.3186584E+00   2.3165353E-01
  1.3286483E+00   2.2758253E-01
  1.3386381E+00   2.2351148E-01
  1.3486279E+00   2.1944042E-01
  1.3586178E+00   2.1546397E-01
  1.3686076E+00   2.1227933E-01
  1.3785974E+00   2.0909469E-01
  1.3885873E+00   2.0591009E-01
  1.3985771E+00   2.0272546E-01
  1.4085670E+00   1.9954083E-01
  1.4185568E+00   1.9635620E-01
  1.4285466E+00   1.9317157E-01
  1.4385365E+00   1.8998695E-01
  1.4485263E+00   1.8680235E-01
  1.4585161E+00   1.8361773E-01
  1.4685060E+00   1.8043312E-01
  1.4784958E+00   1.7724850E-01
  1.4884856E+00   1.7458762E-01
  1.4984755E+00   1.7208192E-01
  1.5084653E+00   1.6957619E-01
  1.5184552E+00   1.6707046E-01
  1.5284450E+00   1.6456473E-01
  1.5384348E+00   1.6205900E-01
  1.5484247E+00   1.5955328E-01
  1.5584145E+00   1.5704758E-01
  1.5684043E+00   1.5454186E-01
  1.5783942E+00   1.5203614E-01
  1.5883840E+00   1.4953042E-01
  1.5983739E+00   1.4702470E-01
  1.6083637E+00   1.4474577E-01
  1.6183535E+00   1.4275988E-01
  1.6283434E+00   1.4077398E-01
  1.6383332E+00   1.3878807E-01
  1.6483230E+00   1.3680219E-01
  1.6583129E+00   1.3481629E-01
  1.6683027E+00   1.3283042E-01
  1.6782925E+00   1.3084452E-01
  1.6882824E+00   1.2885862E-01
  1.6982722E+00   1.2687274E-01
  1.7082621E+00   1.2488684E-01
  1.7182519E+00   1.2290095E-01
  1.7282417E+00   1.2095540E-01
  1.7382316E+00   1.1936877E-01
  1.7482214E+00   1.1778214E-01
  1.7582112E+00   1.1619551E-01
  1.7682011E+00   1.1460888E-01
  1.7781909E+00   1.1302227E-01
  1.7881807E+00   1.1143564E-01
  1.7981706E+00   1.0984901E-01
  1.8081604E+00   1.0826239E-01
  1.8181503E+00   1.0667576E-01
  1.8281401E+00   1.0508913E-01
  1.8381299E+00   1.0350253E-01
  1.8481198E+00   1.0191590E-01
  1.8581096E+00   1.0056540E-01
  1.8680994E+00   9.9287133E-02
  1.8780893E+00   9.8008868E-02
  1.8880791E+00   9.6730603E-02
  1.8980689E+00   9.5452353E-02
  1.9080588E+00   9.4174081E-02
  1.9180486E+00   9.2895818E-02
  1.9280385E+00   9.1617554E-02
  1.9380283E+00   9.0339291E-02
  1.9480181E+00   8.9061043E-02
  1.9580080E+00   8.7782781E-02
  1.9679978E+00   8.6504512E-02
  1.9779876E+00   8.5329472E-02
  1.9879775E+00   8.4290967E-02
  1.9979673E+00   8.3252462E-02
  2.0079571E+00   8.2213957E-02
  2.0179470E+00   8.1175468E-02
  2.0279368E+00   8.0136948E-02
  2.0379267E+00   7.9098459E-02
  2.0479165E+00   7.8059963E-02
  2.0579063E+00   7.7021452E-02
  2.0678962E+00   7.5982957E-02
  2.0778860E+00   7.4944439E-02
  2.0878758E+00   7.3905951E-02
 2.097865678991   7.2885346E-02
  2.1078555E+00   7.2034529E-02
  2.1178454E+00   7.1183734E-02
  2.1278352E+00   7.0332916E-02
  2.1378250E+00   6.9482122E-02
  2.1478149E+00   6.8631327E-02
  2.1578047E+00   6.7780518E-02
  2.1677945E+00   6.6929723E-02
  2.1777844E+00   6.6078907E-02
  2.1877742E+00   6.5228113E-02
  2.1977640E+00   6.4377297E-02
  2.2077539E+00   6.3526503E-02
  2.2177437E+00   6.2675710E-02
  2.2277336E+00   6.1937479E-02
  2.2377234E+00   6.1234803E-02
  2.2477132E+00   6.0532113E-02
  2.2577031E+00   5.9829438E-02
  2.2676929E+00   5.9126766E-02
  2.2776827E+00   5.8424076E-02
  2.2876726E+00   5.7721401E-02
  2.2976624E+00   5.7018712E-02
  2.3076522E+00   5.6316041E-02
  2.3176421E+00   5.5613366E-02
  2.3276319E+00   5.4910677E-02
  2.3376218E+00   5.4208003E-02
  2.3476116E+00   5.3555339E-02
  2.3576014E+00   5.2970419E-02
  2.3675913E+00   5.2385487E-02
  2.3775811E+00   5.1800567E-02
  2.3875709E+00   5.1215647E-02
  2.3975608E+00   5.0630716E-02
  2.4075506E+00   5.0045796E-02
  2.4175404E+00   4.9460865E-02
  2.4275303E+00   4.8875945E-02
  2.4375201E+00   4.8291026E-02
  2.4475100E+00   4.7706095E-02
  2.4574998E+00   4.7121176E-02
  2.4674896E+00   4.6544683E-02
  2.4774795E+00   4.6053991E-02
  2.4874693E+00   4.5563298E-02
  2.4974591E+00   4.5072595E-02
  2.5074490E+00   4.4581903E-02
  2.5174388E+00   4.4091199E-02
  2.5274287E+00   4.3600507E-02
  2.5374185E+00   4.3109804E-02
  2.5474083E+00   4.2619112E-02
  2.5573982E+00   4.2128420E-02
  2.5673880E+00   4.1637717E-02
  2.5773778E+00   4.1147025E-02
  2.5873677E+00   4.0656322E-02
  2.5973575E+00   4.0222942E-02
  2.6073473E+00   3.9808226E-02
  2.6173372E+00   3.9393499E-02
  2.6273270E+00   3.8978783E-02
  2.6373169E+00   3.8564060E-02
  2.6473067E+00   3.8149344E-02
  2.6572965E+00   3.7734624E-02
  2.6672864E+00   3.7319901E-02
  2.6772762E+00   3.6905185E-02
  2.6872660E+00   3.6490458E-02
  2.6972559E+00   3.6075743E-02
  2.7072457E+00   3.5661016E-02
  2.7172355E+00   3.5272132E-02
  2.7272254E+00   3.4919053E-02
  2.7372152E+00   3.4565962E-02
  2.7472051E+00   3.4212883E-02
  2.7571949E+00   3.3859797E-02
  2.7671847E+00   3.3506714E-02
  2.7771746E+00   3.3153634E-02
  2.7871644E+00   3.2800548E-02
  2.7971542E+00   3.2447465E-02
  2.8071441E+00   3.2094379E-02
  2.8171339E+00   3.1741300E-02
  2.8271237E+00   3.1388217E-02
  2.8371136E+00   3.1039346E-02
  2.8471034E+00   3.0736539E-02
  2.8570933E+00   3.0433724E-02
  2.8670831E+00   3.0130917E-02
  2.8770729E+00   2.9828102E-02
  2.8870628E+00   2.9525295E-02
  2.8970526E+00   2.9222488E-02
  2.9070424E+00   2.8919674E-02
  2.9170323E+00   2.8616869E-02
  2.9270221E+00   2.8314054E-02
  2.9370120E+00   2.8011248E-02
  2.9470018E+00   2.7708441E-02
  2.9569916E+00   2.7405626E-02
  2.9669815E+00   2.7133682E-02
  2.9769713E+00   2.6872096E-02
  2.9869611E+00   2.6610516E-02
  2.9969510E+00   2.6348935E-02
  3.0069408E+00   2.6087350E-02
  3.0169306E+00   2.5825769E-02
  3.0269205E+00   2.5564181E-02
  3.0369103E+00   2.5302601E-02
  3.0469002E+00   2.5041021E-02
  3.0568900E+00   2.4779435E-02
  3.0668798E+00   2.4517855E-02
  3.0768697E+00   2.4256269E-02
  3.0868595E+00   2.4008719E-02
  3.0968493E+00   2.3781069E-02
  3.1068392E+00   2.3553424E-02
  3.1168290E+00   2.3325780E-02
  3.1268188E+00   2.3098132E-02
  3.1368087E+00   2.2870488E-02
  3.1467985E+00   2.2642838E-02
  3.1567884E+00   2.2415194E-02
  3.1667782E+00   2.2187550E-02
  3.1767680E+00   2.1959902E-02
 3.186757864753   2.1732258E-02
  3.1967477E+00   2.1504608E-02
  3.2067375E+00   2.1279156E-02
  3.2167274E+00   2.1079566E-02
  3.2267172E+00   2.0879970E-02
  3.2367070E+00   2.0680379E-02
  3.2466969E+00   2.0480783E-02
  3.2566867E+00   2.0281190E-02
  3.2666766E+00   2.0081594E-02
  3.2766664E+00   1.9882004E-02
  3.2866562E+00   1.9682413E-02
  3.2966461E+00   1.9482817E-02
  3.3066359E+00   1.9283225E-02
  3.3166257E+00   1.9083630E-02
  3.3266156E+00   1.8884038E-02
  3.3366054E+00   1.8701677E-02
  3.3465952E+00   1.8525277E-02
  3.3565851E+00   1.8348878E-02
  3.3665749E+00   1.8172476E-02
  3.3765648E+00   1.7996079E-02
  3.3865546E+00   1.7819681E-02
  3.3965444E+00   1.7643279E-02
  3.4065343E+00   1.7466882E-02
  3.4165241E+00   1.7290480E-02
  3.4265139E+00   1.7114081E-02
  3.4365038E+00   1.6937681E-02
  3.4464936E+00   1.6761283E-02
  3.4564835E+00   1.6592707E-02
  3.4664733E+00   1.6435496E-02
  3.4764631E+00   1.6278289E-02
  3.4864530E+00   1.6121077E-02
  3.4964428E+00   1.5963870E-02
  3.5064326E+00   1.5806662E-02
  3.5164225E+00   1.5649451E-02
  3.5264123E+00   1.5492245E-02
  3.5364021E+00   1.5335033E-02
  3.5463920E+00   1.5177826E-02
  3.5563818E+00   1.5020618E-02
  3.5663717E+00   1.4863407E-02
  3.5763615E+00   1.4707350E-02
  3.5863513E+00   1.4566023E-02
  3.5963412E+00   1.4424698E-02
  3.6063310E+00   1.4283370E-02
  3.6163208E+00   1.4142046E-02
  3.6263107E+00   1.4000721E-02
  3.6363005E+00   1.3859394E-02
  3.6462903E+00   1.3718069E-02
  3.6562802E+00   1.3576742E-02
  3.6662700E+00   1.3435417E-02
  3.6762599E+00   1.3294093E-02
  3.6862497E+00   1.3152765E-02
  3.6962395E+00   1.3011441E-02
  3.7062294E+00   1.2879717E-02
  3.7162192E+00   1.2751420E-02
  3.7262090E+00   1.2623123E-02
  3.7361989E+00   1.2494822E-02
  3.7461887E+00   1.2366525E-02
  3.7561785E+00   1.2238225E-02
  3.7661684E+00   1.2109927E-02
  3.7761582E+00   1.1981626E-02
  3.7861481E+00   1.1853329E-02
  3.7961379E+00   1.1725032E-02
  3.8061277E+00   1.1596732E-02
  3.8161176E+00   1.1468435E-02
  3.8261074E+00   1.1344409E-02
  3.8360972E+00   1.1226745E-02
  3.8460871E+00   1.1109082E-02
  3.8560769E+00   1.0991415E-02
  3.8660668E+00   1.0873752E-02
  3.8760566E+00   1.0756086E-02
  3.8860464E+00   1.0638422E-02
  3.8960363E+00   1.0520759E-02
  3.9060261E+00   1.0403093E-02
  3.9160159E+00   1.0285430E-02
  3.9260058E+00   1.0167763E-02
  3.9359956E+00   1.0050099E-02
  3.9459854E+00   9.9330014E-03
  3.9559753E+00   9.8238448E-03
  3.9659651E+00   9.7146891E-03
  3.9759550E+00   9.6055297E-03
  3.9859448E+00   9.4963741E-03
  3.9959346E+00   9.3872147E-03
  4.0059245E+00   9.2780609E-03
  4.0159143E+00   9.1688996E-03
  4.0259041E+00   9.0597431E-03
  4.0358940E+00   8.9505874E-03
  4.0458838E+00   8.8414308E-03
  4.0558736E+00   8.7322696E-03
  4.0658635E+00   8.6231130E-03
  4.0758533E+00   8.5187891E-03
  4.0858432E+00   8.4162393E-03
  4.0958330E+00   8.3136895E-03
  4.1058228E+00   8.2111342E-03
  4.1158127E+00   8.1085844E-03
  4.1258025E+00   8.0060337E-03
  4.1357923E+00   7.9034839E-03
  4.1457822E+00   7.8009337E-03
  4.1557720E+00   7.6983788E-03
  4.1657618E+00   7.5958286E-03
  4.1757517E+00   7.4932783E-03
  4.1857415E+00   7.3907281E-03
 4.195731357982   7.2901364E-03
  4.2057212E+00   7.1925245E-03
  4.2157110E+00   7.0949173E-03
  4.2257009E+00   6.9973100E-03
  4.2356907E+00   6.8997028E-03
  4.2456805E+00   6.8020955E-03
  4.2556704E+00   6.7044836E-03
  4.2656602E+00   6.6068764E-03
  4.2756501E+00   6.5092691E-03
  4.2856399E+00   6.4116619E-03
  4.2956297E+00   6.3140546E-03
  4.3056196E+00   6.2164423E-03
  4.3156094E+00               0
  4.3255992E+00               0
  4.3355891E+00               0
  4.3455789E+00               0
  4.3555687E+00               0
  4.3655586E+00               0
  4.3755484E+00               0
  4.3855383E+00               0
  4.3955281E+00               0
  4.4055179E+00               0
  4.4155078E+00               0
  4.4254976E+00               0
  4.4354874E+00               0
  4.4454773E+00               0
