# Version 1.0
# tree entry: B-Field (Ms)_Abs (Z)

             -1   8.7289420E-10
          -0.99   2.7117505E-07
          -0.98   5.4147722E-07
          -0.97   8.1177939E-07
          -0.96   1.0820831E-06
          -0.95   1.3523853E-06
          -0.94   1.6226874E-06
          -0.93   1.8929895E-06
          -0.92   2.1632916E-06
          -0.91   2.4335939E-06
           -0.9   2.7021895E-06
          -0.89   2.9685555E-06
          -0.88   3.2349217E-06
          -0.87   3.5012879E-06
          -0.86   3.7676541E-06
          -0.85   4.0340201E-06
          -0.84   4.3003879E-06
          -0.83   4.5667539E-06
          -0.82   4.8331203E-06
          -0.81   5.0994863E-06
           -0.8   5.3590438E-06
          -0.79   5.6175663E-06
          -0.78   5.8760902E-06
          -0.77   6.1346122E-06
          -0.76   6.3931348E-06
          -0.75   6.6516568E-06
          -0.74   6.9101793E-06
          -0.73   7.1687018E-06
          -0.72   7.4272239E-06
          -0.71   7.6822189E-06
           -0.7   7.9290567E-06
          -0.69   8.1758935E-06
          -0.68   8.4227313E-06
          -0.67   8.6695691E-06
          -0.66   8.9164068E-06
          -0.65   9.1632455E-06
          -0.64   9.4100833E-06
          -0.63   9.6569202E-06
          -0.62   9.9037588E-06
          -0.61   1.0139264E-05
           -0.6   1.0370707E-05
          -0.59   1.0602151E-05
          -0.58   1.0833593E-05
          -0.57   1.1065034E-05
          -0.56   1.1296477E-05
          -0.55   1.1527919E-05
          -0.54   1.1759362E-05
          -0.53   1.1990805E-05
          -0.52   1.2219036E-05
          -0.51   1.2431589E-05
           -0.5   1.2644142E-05
          -0.49   1.2856695E-05
          -0.48   1.3069250E-05
          -0.47   1.3281803E-05
          -0.46   1.3494356E-05
          -0.45   1.3706910E-05
          -0.44   1.3919464E-05
          -0.43   1.4132016E-05
          -0.42   1.4331251E-05
          -0.41   1.4521754E-05
           -0.4   1.4712256E-05
          -0.39   1.4902759E-05
          -0.38   1.5093261E-05
          -0.37   1.5283764E-05
          -0.36   1.5474267E-05
          -0.35   1.5664769E-05
          -0.34   1.5855272E-05
          -0.33   1.6044833E-05
          -0.32   1.6210586E-05
          -0.31   1.6376342E-05
           -0.3   1.6542095E-05
          -0.29   1.6707849E-05
          -0.28   1.6873604E-05
          -0.27   1.7039358E-05
          -0.26   1.7205113E-05
          -0.25   1.7370867E-05
          -0.24   1.7536620E-05
          -0.23   1.7690216E-05
          -0.22   1.7830214E-05
          -0.21   1.7970213E-05
           -0.2   1.8110211E-05
          -0.19   1.8250210E-05
          -0.18   1.8390208E-05
          -0.17   1.8530207E-05
          -0.16   1.8670205E-05
          -0.15   1.8810204E-05
          -0.14   1.8936427E-05
          -0.13   1.9056301E-05
          -0.12   1.9176172E-05
          -0.11   1.9296045E-05
           -0.1   1.9415918E-05
          -0.09   1.9524246E-05
          -0.08   1.9629499E-05
          -0.07   1.9734753E-05
 -6.0000000E-02   1.9840005E-05
 -5.0000000E-02   1.9945259E-05
          -0.04   2.0037334E-05
          -0.03   2.0127862E-05
          -0.02   2.0218389E-05
          -0.01   2.0308915E-05
              0   2.0399442E-05
           0.01   2.0475129E-05
           0.02   2.0550815E-05
           0.03   2.0626501E-05
           0.04   2.0702189E-05
           0.05   2.0777476E-05
  6.0000000E-02   2.0838326E-05
  7.0000000E-02   2.0899177E-05
  8.0000000E-02   2.0960028E-05
  9.0000000E-02   2.1020878E-05
            0.1   2.1080941E-05
           0.11   2.1127193E-05
           0.12   2.1173444E-05
           0.13   2.1219696E-05
           0.14   2.1265947E-05
           0.15   2.1310543E-05
           0.16   2.1336324E-05
           0.17   2.1362106E-05
           0.18   2.1387887E-05
           0.19   2.1413667E-05
            0.2   2.1439448E-05
           0.21   2.1465230E-05
           0.22   2.1491011E-05
           0.23   2.1516791E-05
           0.24   2.1542572E-05
           0.25   2.1547861E-05
           0.26   2.1546959E-05
           0.27   2.1546057E-05
           0.28   2.1545155E-05
           0.29   2.1544252E-05
            0.3   2.1543350E-05
           0.31   2.1542448E-05
           0.32   2.1541546E-05
           0.33   2.1540644E-05
           0.34   2.1539741E-05
           0.35   2.1534473E-05
           0.36   2.1506321E-05
           0.37   2.1478167E-05
           0.38   2.1450014E-05
           0.39   2.1421862E-05
            0.4   2.1393707E-05
           0.41   2.1365555E-05
           0.42   2.1337401E-05
           0.43   2.1309248E-05
           0.44   2.1281096E-05
           0.45   2.1252941E-05
           0.46   2.1224789E-05
           0.47   2.1196634E-05
           0.48   2.1144466E-05
           0.49   2.1092010E-05
            0.5   2.1039554E-05
           0.51   2.0987098E-05
           0.52   2.0934642E-05
           0.53   2.0882188E-05
           0.54   2.0829732E-05
           0.55   2.0777275E-05
           0.56   2.0724819E-05
           0.57   2.0672363E-05
           0.58   2.0619907E-05
           0.59   2.0567451E-05
            0.6   2.0499421E-05
           0.61   2.0427882E-05
           0.62   2.0356345E-05
           0.63   2.0284806E-05
           0.64   2.0213267E-05
           0.65   2.0141730E-05
           0.66   2.0070191E-05
           0.67   1.9998653E-05
           0.68   1.9927114E-05
           0.69   1.9855575E-05
            0.7   1.9784038E-05
           0.71   1.9712499E-05
           0.72   1.9632007E-05
           0.73   1.9546569E-05
           0.74   1.9461131E-05
           0.75   1.9375691E-05
           0.76   1.9290253E-05
           0.77   1.9204816E-05
           0.78   1.9119378E-05
           0.79   1.9033940E-05
            0.8   1.8948502E-05
           0.81   1.8863064E-05
           0.82   1.8777624E-05
           0.83   1.8692186E-05
           0.84   1.8602452E-05
           0.85   1.8507913E-05
           0.86   1.8413375E-05
           0.87   1.8318835E-05
           0.88   1.8224297E-05
           0.89   1.8129758E-05
            0.9   1.8035220E-05
           0.91   1.7940682E-05
           0.92   1.7846143E-05
           0.93   1.7751605E-05
           0.94   1.7657067E-05
           0.95   1.7562528E-05
           0.96   1.7466515E-05
           0.97   1.7367061E-05
           0.98   1.7267610E-05
           0.99   1.7168157E-05
              1   1.7068705E-05
           1.01   1.6969254E-05
           1.02   1.6869801E-05
           1.03   1.6770349E-05
           1.04   1.6670898E-05
           1.05   1.6571445E-05
           1.06   1.6471993E-05
           1.07   1.6372540E-05
           1.08   1.6272901E-05
           1.09   1.6171995E-05
            1.1   1.6071088E-05
           1.11   1.5970181E-05
           1.12   1.5869275E-05
           1.13   1.5768368E-05
           1.14   1.5667461E-05
           1.15   1.5566555E-05
           1.16   1.5465648E-05
           1.17   1.5364742E-05
           1.18   1.5263835E-05
           1.19   1.5162927E-05
            1.2   1.5062020E-05
           1.21   1.4962313E-05
           1.22   1.4862661E-05
           1.23   1.4763009E-05
           1.24   1.4663357E-05
           1.25   1.4563706E-05
           1.26   1.4464053E-05
           1.27   1.4364402E-05
           1.28   1.4264750E-05
           1.29   1.4165098E-05
            1.3   1.4065447E-05
           1.31   1.3965795E-05
           1.32   1.3866142E-05
           1.33   1.3769047E-05
           1.34   1.3672656E-05
           1.35   1.3576264E-05
           1.36   1.3479873E-05
           1.37   1.3383482E-05
           1.38   1.3287090E-05
           1.39   1.3190699E-05
            1.4   1.3094308E-05
           1.41   1.2997916E-05
           1.42   1.2901525E-05
           1.43   1.2805134E-05
           1.44   1.2708741E-05
           1.45   1.2615196E-05
           1.46   1.2523454E-05
           1.47   1.2431712E-05
           1.48   1.2339970E-05
           1.49   1.2248227E-05
            1.5   1.2156485E-05
           1.51   1.2064743E-05
           1.52   1.1973000E-05
           1.53   1.1881259E-05
           1.54   1.1789516E-05
           1.55   1.1697774E-05
           1.56   1.1606031E-05
           1.57   1.1516719E-05
           1.58   1.1430499E-05
           1.59   1.1344280E-05
            1.6   1.1258061E-05
           1.61   1.1171842E-05
           1.62   1.1085623E-05
           1.63   1.0999403E-05
           1.64   1.0913184E-05
           1.65   1.0826965E-05
           1.66   1.0740746E-05
           1.67   1.0654527E-05
           1.68   1.0568308E-05
           1.69   1.0483693E-05
            1.7   1.0403463E-05
           1.71   1.0323232E-05
           1.72   1.0243002E-05
           1.73   1.0162772E-05
           1.74   1.0082542E-05
           1.75   1.0002312E-05
           1.76   9.9220815E-06
           1.77   9.8418514E-06
           1.78   9.7616212E-06
           1.79   9.6813910E-06
            1.8   9.6011609E-06
           1.81   9.5215210E-06
           1.82   9.4474344E-06
           1.83   9.3733488E-06
           1.84   9.2992632E-06
           1.85   9.2251776E-06
           1.86   9.1510910E-06
           1.87   9.0770054E-06
           1.88   9.0029198E-06
           1.89   8.9288342E-06
            1.9   8.8547476E-06
           1.91   8.7806620E-06
           1.92   8.7065764E-06
           1.93   8.6324908E-06
           1.94   8.5640168E-06
           1.95   8.4960038E-06
           1.96   8.4279918E-06
           1.97   8.3599789E-06
           1.98   8.2919669E-06
           1.99   8.2239549E-06
              2   8.1559419E-06
           2.01   8.0879299E-06
           2.02   8.0199170E-06
           2.03   7.9519050E-06
           2.04   7.8838921E-06
           2.05   7.8158801E-06
           2.06   7.7522645E-06
           2.07   7.6900969E-06
           2.08   7.6279307E-06
           2.09   7.5657640E-06
            2.1   7.5035969E-06
           2.11   7.4414302E-06
           2.12   7.3792635E-06
           2.13   7.3170954E-06
           2.14   7.2549283E-06
           2.15   7.1927616E-06
           2.16   7.1305949E-06
           2.17   7.0684282E-06
           2.18   7.0094611E-06
           2.19   6.9528101E-06
            2.2   6.8961590E-06
           2.21   6.8395079E-06
           2.22   6.7828569E-06
           2.23   6.7262058E-06
           2.24   6.6695548E-06
           2.25   6.6129032E-06
           2.26   6.5562522E-06
           2.27   6.4996011E-06
           2.28   6.4429501E-06
           2.29   6.3862990E-06
            2.3   6.3317393E-06
           2.31   6.2802137E-06
           2.32   6.2286877E-06
           2.33   6.1771620E-06
           2.34   6.1256360E-06
           2.35   6.0741104E-06
           2.36   6.0225843E-06
           2.37   5.9710587E-06
           2.38   5.9195318E-06
           2.39   5.8680057E-06
            2.4   5.8164801E-06
           2.41   5.7649540E-06
           2.42   5.7145389E-06
           2.43   5.6677181E-06
           2.44   5.6208974E-06
           2.45   5.5740766E-06
           2.46   5.5272558E-06
           2.47   5.4804350E-06
           2.48   5.4336142E-06
           2.49   5.3867930E-06
            2.5   5.3399722E-06
           2.51   5.2931514E-06
           2.52   5.2463306E-06
           2.53   5.1995098E-06
           2.54   5.1529628E-06
           2.55   5.1104184E-06
           2.56   5.0678741E-06
           2.57   5.0253293E-06
           2.58   4.9827850E-06
           2.59   4.9402406E-06
            2.6   4.8976963E-06
           2.61   4.8551515E-06
           2.62   4.8126071E-06
           2.63   4.7700614E-06
           2.64   4.7275171E-06
           2.65   4.6849727E-06
           2.66   4.6424284E-06
           2.67   4.6033224E-06
           2.68   4.5646325E-06
           2.69   4.5259421E-06
            2.7   4.4872522E-06
           2.71   4.4485623E-06
           2.72   4.4098724E-06
           2.73   4.3711825E-06
           2.74   4.3324926E-06
           2.75   4.2938027E-06
           2.76   4.2551128E-06
           2.77   4.2164224E-06
           2.78   4.1777325E-06
           2.79   4.1415260E-06
            2.8   4.1062845E-06
           2.81   4.0710429E-06
           2.82   4.0358013E-06
           2.83   4.0005598E-06
           2.84   3.9653182E-06
           2.85   3.9300767E-06
           2.86   3.8948351E-06
           2.87   3.8595936E-06
           2.88   3.8243511E-06
           2.89   3.7891098E-06
            2.9   3.7538682E-06
           2.91   3.7203060E-06
           2.92   3.6881283E-06
           2.93   3.6559509E-06
           2.94   3.6237732E-06
           2.95   3.5915957E-06
           2.96   3.5594180E-06
           2.97   3.5272406E-06
           2.98   3.4950629E-06
           2.99   3.4628854E-06
              3   3.4307077E-06
           3.01   3.3985302E-06
           3.02   3.3663525E-06
           3.03   3.3351916E-06
           3.04   3.3057177E-06
           3.05   3.2762437E-06
           3.06   3.2467697E-06
           3.07   3.2172954E-06
           3.08   3.1878214E-06
           3.09   3.1583475E-06
            3.1   3.1288735E-06
           3.11   3.0993995E-06
           3.12   3.0699252E-06
           3.13   3.0404506E-06
           3.14   3.0109766E-06
           3.15   2.9819857E-06
           3.16   2.9548796E-06
           3.17   2.9277735E-06
           3.18   2.9006676E-06
           3.19   2.8735615E-06
            3.2   2.8464553E-06
           3.21   2.8193492E-06
           3.22   2.7922433E-06
           3.23   2.7651372E-06
           3.24   2.7380311E-06
           3.25   2.7109249E-06
           3.26   2.6838190E-06
           3.27   2.6567789E-06
           3.28   2.6317293E-06
           3.29   2.6066798E-06
            3.3   2.5816303E-06
           3.31   2.5565807E-06
           3.32   2.5315310E-06
           3.33   2.5064815E-06
           3.34   2.4814319E-06
           3.35   2.4563824E-06
           3.36   2.4313329E-06
           3.37   2.4062833E-06
           3.38   2.3812331E-06
           3.39   2.3561836E-06
            3.4   2.3326545E-06
           3.41   2.3093726E-06
           3.42   2.2860909E-06
           3.43   2.2628089E-06
           3.44   2.2395272E-06
           3.45   2.2162453E-06
           3.46   2.1929636E-06
           3.47   2.1696817E-06
           3.48   2.1464000E-06
           3.49   2.1231181E-06
            3.5   2.0998364E-06
           3.51   2.0765544E-06
           3.52   2.0543041E-06
           3.53   2.0325215E-06
           3.54   2.0107389E-06
           3.55   1.9889562E-06
           3.56   1.9671736E-06
           3.57   1.9453910E-06
           3.58   1.9236084E-06
           3.59   1.9018257E-06
            3.6   1.8800431E-06
           3.61   1.8582605E-06
           3.62   1.8364778E-06
           3.63   1.8146947E-06
           3.64   1.7935563E-06
           3.65   1.7730223E-06
           3.66   1.7524882E-06
           3.67   1.7319542E-06
           3.68   1.7114201E-06
           3.69   1.6908861E-06
            3.7   1.6703519E-06
           3.71   1.6498179E-06
           3.72   1.6292838E-06
           3.73   1.6087498E-06
           3.74   1.5882157E-06
           3.75   1.5676817E-06
           3.76   1.5474961E-06
           3.77   1.5279752E-06
           3.78   1.5084543E-06
           3.79   1.4889332E-06
            3.8   1.4694123E-06
           3.81   1.4498913E-06
           3.82   1.4303704E-06
           3.83   1.4108494E-06
           3.84   1.3913285E-06
           3.85   1.3718075E-06
           3.86   1.3522865E-06
           3.87   1.3327656E-06
           3.88   1.3133800E-06
           3.89   1.2946490E-06
            3.9   1.2759181E-06
           3.91   1.2571870E-06
           3.92   1.2384560E-06
           3.93   1.2197249E-06
           3.94   1.2009940E-06
           3.95   1.1822630E-06
           3.96   1.1635319E-06
           3.97   1.1448009E-06
           3.98   1.1260699E-06
           3.99   1.1073389E-06
              4   1.0886079E-06
