# Version 1.0
# tree entry: B-Field (Ms)_Abs (Z)

             -1   2.2432774E-05
          -0.99   2.2568011E-05
          -0.98   2.2703247E-05
          -0.97   2.2838483E-05
          -0.96   2.2973720E-05
          -0.95   2.3108956E-05
          -0.94   2.3244193E-05
          -0.93   2.3379429E-05
          -0.92   2.3514665E-05
          -0.91   2.3649902E-05
           -0.9   2.3784249E-05
          -0.89   2.3917435E-05
          -0.88   2.4050620E-05
          -0.87   2.4183806E-05
          -0.86   2.4316992E-05
          -0.85   2.4450177E-05
          -0.84   2.4583363E-05
          -0.83   2.4716550E-05
          -0.82   2.4849734E-05
          -0.81   2.4982921E-05
           -0.8   2.5112193E-05
          -0.79   2.5240870E-05
          -0.78   2.5369547E-05
          -0.77   2.5498224E-05
          -0.76   2.5626901E-05
          -0.75   2.5755578E-05
          -0.74   2.5884254E-05
          -0.73   2.6012931E-05
          -0.72   2.6141608E-05
          -0.71   2.6268102E-05
           -0.7   2.6389551E-05
          -0.69   2.6510999E-05
          -0.68   2.6632448E-05
          -0.67   2.6753896E-05
          -0.66   2.6875345E-05
          -0.65   2.6996795E-05
          -0.64   2.7118243E-05
          -0.63   2.7239692E-05
          -0.62   2.7361140E-05
          -0.61   2.7475144E-05
           -0.6   2.7586475E-05
          -0.59   2.7697808E-05
          -0.58   2.7809141E-05
          -0.57   2.7920474E-05
          -0.56   2.8031805E-05
          -0.55   2.8143138E-05
          -0.54   2.8254470E-05
          -0.53   2.8365803E-05
          -0.52   2.8474917E-05
          -0.51   2.8573202E-05
           -0.5   2.8671486E-05
          -0.49   2.8769771E-05
          -0.48   2.8868055E-05
          -0.47   2.8966339E-05
          -0.46   2.9064624E-05
          -0.45   2.9162908E-05
          -0.44   2.9261193E-05
          -0.43   2.9359477E-05
          -0.42   2.9448176E-05
          -0.41   2.9530591E-05
           -0.4   2.9613006E-05
          -0.39   2.9695422E-05
          -0.38   2.9777837E-05
          -0.37   2.9860252E-05
          -0.36   2.9942667E-05
          -0.35   3.0025081E-05
          -0.34   3.0107498E-05
          -0.33   3.0189212E-05
          -0.32   3.0253217E-05
          -0.31   3.0317224E-05
           -0.3   3.0381228E-05
          -0.29   3.0445235E-05
          -0.28   3.0509242E-05
          -0.27   3.0573246E-05
          -0.26   3.0637253E-05
          -0.25   3.0701260E-05
          -0.24   3.0765263E-05
          -0.23   3.0819989E-05
          -0.22   3.0864332E-05
          -0.21   3.0908675E-05
           -0.2   3.0953019E-05
          -0.19   3.0997366E-05
          -0.18   3.1041709E-05
          -0.17   3.1086052E-05
          -0.16   3.1130396E-05
          -0.15   3.1174739E-05
          -0.14   3.1208376E-05
          -0.13   3.1237076E-05
          -0.12   3.1265772E-05
          -0.11   3.1294472E-05
           -0.1   3.1323169E-05
          -0.09   3.1342825E-05
          -0.08   3.1360069E-05
          -0.07   3.1377313E-05
 -6.0000000E-02   3.1394553E-05
 -5.0000000E-02   3.1411797E-05
          -0.04   3.1418651E-05
          -0.03   3.1424279E-05
          -0.02   3.1429910E-05
          -0.01   3.1435538E-05
              0   3.1441170E-05
           0.01   3.1435040E-05
           0.02   3.1428906E-05
           0.03   3.1422776E-05
           0.04   3.1416646E-05
           0.05   3.1410196E-05
  6.0000000E-02   3.1392265E-05
  7.0000000E-02   3.1374333E-05
  8.0000000E-02   3.1356401E-05
  9.0000000E-02   3.1338470E-05
            0.1   3.1319913E-05
           0.11   3.1290343E-05
           0.12   3.1260774E-05
           0.13   3.1231204E-05
           0.14   3.1201635E-05
           0.15   3.1170744E-05
           0.16   3.1124844E-05
           0.17   3.1078947E-05
           0.18   3.1033047E-05
           0.19   3.0987150E-05
            0.2   3.0941250E-05
           0.21   3.0895353E-05
           0.22   3.0849453E-05
           0.23   3.0803556E-05
           0.24   3.0757659E-05
           0.25   3.0695461E-05
           0.26   3.0628344E-05
           0.27   3.0561223E-05
           0.28   3.0494102E-05
           0.29   3.0426982E-05
            0.3   3.0359863E-05
           0.31   3.0292742E-05
           0.32   3.0225623E-05
           0.33   3.0158502E-05
           0.34   3.0091382E-05
           0.35   3.0020828E-05
           0.36   2.9932280E-05
           0.37   2.9843734E-05
           0.38   2.9755185E-05
           0.39   2.9666637E-05
            0.4   2.9578088E-05
           0.41   2.9489540E-05
           0.42   2.9400993E-05
           0.43   2.9312445E-05
           0.44   2.9223896E-05
           0.45   2.9135348E-05
           0.46   2.9046800E-05
           0.47   2.8958253E-05
           0.48   2.8851320E-05
           0.49   2.8744169E-05
            0.5   2.8637018E-05
           0.51   2.8529865E-05
           0.52   2.8422714E-05
           0.53   2.8315562E-05
           0.54   2.8208411E-05
           0.55   2.8101258E-05
           0.56   2.7994107E-05
           0.57   2.7886956E-05
           0.58   2.7779804E-05
           0.59   2.7672653E-05
            0.6   2.7554161E-05
           0.61   2.7433116E-05
           0.62   2.7312071E-05
           0.63   2.7191027E-05
           0.64   2.7069982E-05
           0.65   2.6948937E-05
           0.66   2.6827891E-05
           0.67   2.6706846E-05
           0.68   2.6585802E-05
           0.69   2.6464757E-05
            0.7   2.6343712E-05
           0.71   2.6222668E-05
           0.72   2.6095699E-05
           0.73   2.5965457E-05
           0.74   2.5835216E-05
           0.75   2.5704974E-05
           0.76   2.5574733E-05
           0.77   2.5444491E-05
           0.78   2.5314250E-05
           0.79   2.5184008E-05
            0.8   2.5053767E-05
           0.81   2.4923525E-05
           0.82   2.4793284E-05
           0.83   2.4663042E-05
           0.84   2.4530509E-05
           0.85   2.4395415E-05
           0.86   2.4260320E-05
           0.87   2.4125227E-05
           0.88   2.3990133E-05
           0.89   2.3855038E-05
            0.9   2.3719946E-05
           0.91   2.3584849E-05
           0.92   2.3449757E-05
           0.93   2.3314662E-05
           0.94   2.3179568E-05
           0.95   2.3044475E-05
           0.96   2.2909055E-05
           0.97   2.2772872E-05
           0.98   2.2636692E-05
           0.99   2.2500511E-05
              1   2.2364329E-05
           1.01   2.2228149E-05
           1.02   2.2091968E-05
           1.03   2.1955788E-05
           1.04   2.1819607E-05
           1.05   2.1683427E-05
           1.06   2.1547245E-05
           1.07   2.1411062E-05
           1.08   2.1275137E-05
           1.09   2.1140942E-05
            1.1   2.1006746E-05
           1.11   2.0872552E-05
           1.12   2.0738358E-05
           1.13   2.0604162E-05
           1.14   2.0469968E-05
           1.15   2.0335774E-05
           1.16   2.0201578E-05
           1.17   2.0067384E-05
           1.18   1.9933188E-05
           1.19   1.9798992E-05
            1.2   1.9664798E-05
           1.21   1.9534757E-05
           1.22   1.9404906E-05
           1.23   1.9275054E-05
           1.24   1.9145204E-05
           1.25   1.9015351E-05
           1.26   1.8885501E-05
           1.27   1.8755651E-05
           1.28   1.8625800E-05
           1.29   1.8495948E-05
            1.3   1.8366098E-05
           1.31   1.8236246E-05
           1.32   1.8106393E-05
           1.33   1.7981272E-05
           1.34   1.7857454E-05
           1.35   1.7733635E-05
           1.36   1.7609816E-05
           1.37   1.7485996E-05
           1.38   1.7362177E-05
           1.39   1.7238359E-05
            1.4   1.7114540E-05
           1.41   1.6990722E-05
           1.42   1.6866901E-05
           1.43   1.6743083E-05
           1.44   1.6619262E-05
           1.45   1.6499809E-05
           1.46   1.6383125E-05
           1.47   1.6266438E-05
           1.48   1.6149752E-05
           1.49   1.6033067E-05
            1.5   1.5916381E-05
           1.51   1.5799695E-05
           1.52   1.5683010E-05
           1.53   1.5566324E-05
           1.54   1.5449637E-05
           1.55   1.5332953E-05
           1.56   1.5216267E-05
           1.57   1.5102991E-05
           1.58   1.4994054E-05
           1.59   1.4885119E-05
            1.6   1.4776182E-05
           1.61   1.4667246E-05
           1.62   1.4558310E-05
           1.63   1.4449373E-05
           1.64   1.4340438E-05
           1.65   1.4231501E-05
           1.66   1.4122566E-05
           1.67   1.4013629E-05
           1.68   1.3904693E-05
           1.69   1.3797897E-05
            1.7   1.3696946E-05
           1.71   1.3595994E-05
           1.72   1.3495042E-05
           1.73   1.3394090E-05
           1.74   1.3293139E-05
           1.75   1.3192187E-05
           1.76   1.3091236E-05
           1.77   1.2990285E-05
           1.78   1.2889333E-05
           1.79   1.2788381E-05
            1.8   1.2687429E-05
           1.81   1.2587240E-05
           1.82   1.2494220E-05
           1.83   1.2401201E-05
           1.84   1.2308182E-05
           1.85   1.2215163E-05
           1.86   1.2122144E-05
           1.87   1.2029125E-05
           1.88   1.1936106E-05
           1.89   1.1843087E-05
            1.9   1.1750068E-05
           1.91   1.1657048E-05
           1.92   1.1564030E-05
           1.93   1.1471010E-05
           1.94   1.1385084E-05
           1.95   1.1299740E-05
           1.96   1.1214397E-05
           1.97   1.1129055E-05
           1.98   1.1043711E-05
           1.99   1.0958368E-05
              2   1.0873025E-05
           2.01   1.0787682E-05
           2.02   1.0702339E-05
           2.03   1.0616995E-05
           2.04   1.0531652E-05
           2.05   1.0446309E-05
           2.06   1.0366442E-05
           2.07   1.0288381E-05
           2.08   1.0210320E-05
           2.09   1.0132259E-05
            2.1   1.0054198E-05
           2.11   9.9761364E-06
           2.12   9.8980754E-06
           2.13   9.8200126E-06
           2.14   9.7419515E-06
           2.15   9.6638896E-06
           2.16   9.5858286E-06
           2.17   9.5077676E-06
           2.18   9.4336528E-06
           2.19   9.3623948E-06
            2.2   9.2911359E-06
           2.21   9.2198779E-06
           2.22   9.1486199E-06
           2.23   9.0773619E-06
           2.24   9.0061030E-06
           2.25   8.9348450E-06
           2.26   8.8635870E-06
           2.27   8.7923281E-06
           2.28   8.7210701E-06
           2.29   8.6498121E-06
            2.3   8.5811162E-06
           2.31   8.5161373E-06
           2.32   8.4511585E-06
           2.33   8.3861796E-06
           2.34   8.3211999E-06
           2.35   8.2562210E-06
           2.36   8.1912422E-06
           2.37   8.1262633E-06
           2.38   8.0612826E-06
           2.39   7.9963038E-06
            2.4   7.9313249E-06
           2.41   7.8663461E-06
           2.42   7.8027215E-06
           2.43   7.7434815E-06
           2.44   7.6842416E-06
           2.45   7.6250012E-06
           2.46   7.5657608E-06
           2.47   7.5065209E-06
           2.48   7.4472805E-06
           2.49   7.3880406E-06
            2.5   7.3288002E-06
           2.51   7.2695602E-06
           2.52   7.2103198E-06
           2.53   7.1510799E-06
           2.54   7.0921733E-06
           2.55   7.0381357E-06
           2.56   6.9840980E-06
           2.57   6.9300604E-06
           2.58   6.8760232E-06
           2.59   6.8219856E-06
            2.6   6.7679480E-06
           2.61   6.7139104E-06
           2.62   6.6598732E-06
           2.63   6.6058342E-06
           2.64   6.5517966E-06
           2.65   6.4977594E-06
           2.66   6.4437218E-06
           2.67   6.3938623E-06
           2.68   6.3445082E-06
           2.69   6.2951544E-06
            2.7   6.2458003E-06
           2.71   6.1964465E-06
           2.72   6.1470923E-06
           2.73   6.0977382E-06
           2.74   6.0483844E-06
           2.75   5.9990302E-06
           2.76   5.9496765E-06
           2.77   5.9003223E-06
           2.78   5.8509686E-06
           2.79   5.8046312E-06
            2.8   5.7594671E-06
           2.81   5.7143029E-06
           2.82   5.6691388E-06
           2.83   5.6239746E-06
           2.84   5.5788100E-06
           2.85   5.5336459E-06
           2.86   5.4884817E-06
           2.87   5.4433176E-06
           2.88   5.3981521E-06
           2.89   5.3529880E-06
            2.9   5.3078238E-06
           2.91   5.2647015E-06
           2.92   5.2232626E-06
           2.93   5.1818242E-06
           2.94   5.1403858E-06
           2.95   5.0989470E-06
           2.96   5.0575086E-06
           2.97   5.0160697E-06
           2.98   4.9746313E-06
           2.99   4.9331929E-06
              3   4.8917541E-06
           3.01   4.8503157E-06
           3.02   4.8088768E-06
           3.03   4.7686767E-06
           3.04   4.7305311E-06
           3.05   4.6923856E-06
           3.06   4.6542395E-06
           3.07   4.6160940E-06
           3.08   4.5779484E-06
           3.09   4.5398028E-06
            3.1   4.5016573E-06
           3.11   4.4635112E-06
           3.12   4.4253657E-06
           3.13   4.3872192E-06
           3.14   4.3490736E-06
           3.15   4.3115178E-06
           3.16   4.2762636E-06
           3.17   4.2410093E-06
           3.18   4.2057545E-06
           3.19   4.1705002E-06
            3.2   4.1352459E-06
           3.21   4.0999917E-06
           3.22   4.0647374E-06
           3.23   4.0294831E-06
           3.24   3.9942283E-06
           3.25   3.9589740E-06
           3.26   3.9237198E-06
           3.27   3.8885460E-06
           3.28   3.8558110E-06
           3.29   3.8230760E-06
            3.3   3.7903410E-06
           3.31   3.7576060E-06
           3.32   3.7248708E-06
           3.33   3.6921358E-06
           3.34   3.6594008E-06
           3.35   3.6266656E-06
           3.36   3.5939306E-06
           3.37   3.5611956E-06
           3.38   3.5284597E-06
           3.39   3.4957247E-06
            3.4   3.4648599E-06
           3.41   3.4342993E-06
           3.42   3.4037387E-06
           3.43   3.3731781E-06
           3.44   3.3426174E-06
           3.45   3.3120568E-06
           3.46   3.2814962E-06
           3.47   3.2509358E-06
           3.48   3.2203752E-06
           3.49   3.1898146E-06
            3.5   3.1592540E-06
           3.51   3.1286934E-06
           3.52   3.0994086E-06
           3.53   3.0707020E-06
           3.54   3.0419956E-06
           3.55   3.0132890E-06
           3.56   2.9845826E-06
           3.57   2.9558760E-06
           3.58   2.9271696E-06
           3.59   2.8984630E-06
            3.6   2.8697564E-06
           3.61   2.8410500E-06
           3.62   2.8123436E-06
           3.63   2.7836363E-06
           3.64   2.7557323E-06
           3.65   2.7285807E-06
           3.66   2.7014291E-06
           3.67   2.6742778E-06
           3.68   2.6471262E-06
           3.69   2.6199746E-06
            3.7   2.5928232E-06
           3.71   2.5656716E-06
           3.72   2.5385202E-06
           3.73   2.5113686E-06
           3.74   2.4842170E-06
           3.75   2.4570656E-06
           3.76   2.4303522E-06
           3.77   2.4044743E-06
           3.78   2.3785967E-06
           3.79   2.3527189E-06
            3.8   2.3268410E-06
           3.81   2.3009634E-06
           3.82   2.2750855E-06
           3.83   2.2492077E-06
           3.84   2.2233301E-06
           3.85   2.1974522E-06
           3.86   2.1715744E-06
           3.87   2.1456967E-06
           3.88   2.1199914E-06
           3.89   2.0951209E-06
            3.9   2.0702503E-06
           3.91   2.0453797E-06
           3.92   2.0205091E-06
           3.93   1.9956385E-06
           3.94   1.9707679E-06
           3.95   1.9458973E-06
           3.96   1.9210268E-06
           3.97   1.8961562E-06
           3.98   1.8712856E-06
           3.99   1.8464150E-06
              4   1.8215444E-06
