-1,5653.72619367286
-0.98,5677.06874438848
-0.96,5700.80476396992
-0.94,5724.92658846559
-0.92,5749.42513063854
-0.9,5774.28982077624
-0.88,5799.50855359904
-0.86,5825.06764246376
-0.84,5850.9517820822
-0.82,5877.144020977
-0.8,5903.62574487368
-0.78,5930.37667217781
-0.76,5957.37486260562
-0.74,5984.59673992478
-0.72,6012.01712961833
-0.7,6039.60931210995
-0.68,6067.34509198263
-0.66,6095.19488339083
-0.64,6123.12781160937
-0.62,6151.11183038839
-0.6,6179.11385449679
-0.58,6207.09990654606
-0.56,6235.03527689837
-0.54,6262.8846951869
-0.52,6290.61251172095
-0.5,6318.18288682121
-0.48,6345.55998593966
-0.46,1795.43272106263
-0.44,1768.54866287247
-0.42,1741.96336435974
-0.4,1715.71065465723
-0.38,1689.82337806403
-0.36,1664.33321403684
-0.34,1639.27050770942
-0.32,1614.66411284414
-0.3,1590.54124888165
-0.28,1566.92737348786
-0.26,1543.84607170985
-0.24,1521.31896255389
-0.22,1499.36562349618
-0.2,1478.00353314029
-0.18,1457.24803194968
-0.16,1437.11230071791
-0.14,1417.60735619661
-0.12,1398.74206308703
-0.1,1380.52316141777
-0.08,1362.95530818038
-0.0600000000000001,1346.04113197683
-0.04,1329.78129934756
-0.02,1314.17459139451
0,1299.2179892884
0.02,1284.90676725052
0.04,1271.23459162341
0.0600000000000001,1258.1936246895
0.0800000000000001,1245.77463195727
0.1,1233.9670917093
0.12,1222.75930569083
0.14,1212.13850990959
0.16,1202.09098461394
0.18,1192.60216261538
0.2,1183.65673522012
0.22,1175.23875513195
0.24,1167.33173578297
0.26,1159.91874663891
0.28,1152.98250411095
0.3,1146.50545778573
0.32,1140.46987175836
0.34,1134.85790092086
0.36,1129.65166211891
0.38,1124.8333001445
0.4,1120.38504858028
0.42,1116.28928555365
0.44,1112.5285844954
0.46,1109.08576002871
0.48,1105.94390914099
0.5,1103.0864478121
0.52,1100.49714329038
0.54,1098.16014222107
0.56,1096.0599948417
0.58,1094.18167546609
0.6,1092.51059948228
0.62,1091.03263709157
0.64,1089.73412401502
0.66,1088.60186939139
0.68,1087.62316108635
0.7,1086.78576862744
0.72,1086.07794397238
0.74,1085.4884203113
0.76,1085.00640909479
0.78,1084.62159547101
0.8,1084.3241323061
0.82,1084.10463295216
0.84,1083.95416291809
0.86,1083.86423058812
0.88,1083.82677712405
0.9,1083.83416567682
0.92,1083.87917002459
0.94,1083.95496274464
0.96,1084.05510301805
0.98,1084.17352415767
1,1084.30452094142
1.02,1084.4427368257
1.04,1084.5831511059
1.06,1084.72106608449
1.08,1084.85209430028
1.1,1084.9721458667
1.12,1085.07741596073
1.14,1085.1643724995
1.16,1085.22974403595
1.18,1085.27050790089
1.2,1085.28387861448
1.22,1085.26729658612
1.24,1085.21841711869
1.26,1085.13509972944
1.28,1085.01539779716
1.3,1084.85754854279
1.32,1084.65996334803
1.34,1084.4212184146
1.36,1084.1400457649
1.38,1083.81532458323
1.4,1083.44607289511
1.42,1083.03143958127
1.44,1082.57069672152
1.46,1082.06323226296
1.48,1081.50854300598
1.5,1080.90622790116
1.52,1080.25598164926
1.54,1079.55758859627
1.56,1078.81091691515
1.58,1078.01591306538
1.6,1077.17259652152
1.62,1076.28105476183
1.64,1075.34143850755
1.66,1074.35395720406
1.68,1073.31887473453
1.7,1072.2365053573
1.72,1071.10720985777
1.74,1069.93139190633
1.76,1068.70949461339
1.78,1067.44199727332
1.8,1066.1294122889
1.82,1064.77228226818
1.84,1063.37117728619
1.86,1061.92669230355
1.88,1060.43944473495
1.9,1058.91007216019
1.92,1057.33923017104
1.94,1055.72759034714
1.96,1054.07583835482
1.98,1052.38467216243
2,1050.65480036649
2.02,1048.88694062299
2.04,1047.08181817831
2.06,1045.24016449467
2.08,1043.36271596519
2.1,1041.45021271371
2.12,1039.50339747489
2.14,1037.52301455026
2.16,1035.50980883618
2.18,1033.46452491959
2.2,1031.38790623802
2.22,1029.2806943001
2.24,1027.14362796337
2.26,1024.97744276599
2.28,1022.78287030941
2.3,1020.560637689
2.32,1018.31146696993
2.34,1016.03607470571
2.36,1013.73517149673
2.38,1011.4094615867
2.4,1009.05964249447
2.42,1006.68640467938
2.44,1004.29043123788
2.46,1001.87239762973
2.48,999.4329714318
2.5,996.97281211794
2.52,994.492570863123
2.54,991.9928903705
2.56,989.474404719822
2.58,986.937739235909
2.6,984.383510375866
2.62,981.812325633833
2.64,979.224783462121
2.66,976.621473207648
2.68,974.002975062656
2.7,971.36986002873
2.72,968.722689893231
2.74,966.062017217259
2.76,963.388385334355
2.78,960.70232835917
2.8,958.004371205381
2.82,955.295029612179
2.84,952.574810178692
2.86,949.84421040574
2.88,947.103718744353
2.9,944.353814650528
2.92,941.594968645718
2.94,938.827642382585
2.96,936.052288715569
2.98,933.26935177587
3,930.479267050436
3.02,927.682461464602
3.04,924.87935346803
3.06,922.070353123629
3.08,919.25586219915
3.1,916.436274261172
3.12,913.611974771217
3.14,910.783341183735
3.16,907.950743045734
3.18,905.114542097833
3.2,902.275092376533
3.22,899.432740317513
3.24,896.587824859778
3.26,893.740677550488
3.28,890.891622650309
3.3,888.040977239151
3.32,885.189051322149
3.34,882.336147935762
3.36,879.482563253876
3.38,876.628586693805
3.4,873.774501022082
3.42,870.920582459945
3.44,868.06710078845
3.46,865.214319453103
3.48,862.362495667957
3.5,859.511880519106
3.52,856.662719067493
3.54,853.815250451005
3.56,850.969707985774
3.58,848.126319266652
3.6,845.285306266816
3.62,842.44688543645
3.64,839.61126780048
3.66,836.778659055327
3.68,833.949259664645
3.7,831.12326495402
3.72,828.300865204601
3.74,825.482245745655
3.76,822.667587046015
3.78,819.857064804405
3.8,817.050850038643
3.82,814.24910917369
3.84,811.452004128552
3.86,808.659692402018
3.88,805.872327157229
3.9,803.090057305081
3.92,800.313027586441
3.94,797.5413786532
3.96,794.775247148138
3.98,792.014765783616
4,789.260063419094
4.02,786.511265137475
4.04,783.768492320282
4.06,781.031862721672
4.08,778.301490541289
4.1,775.577486495973
4.12,772.859957890311
4.14,770.149008686067
4.16,767.444739570472
4.18,764.747248023396
4.2,762.056628383414
4.22,759.372971912764
4.24,756.696366861222
4.26,754.026898528889
4.28,751.364649327911
4.3,748.709698843144
4.32,746.062123891769
4.34,743.421998581871
4.36,740.789394369992
4.38,738.164380117681
4.4,735.547022147036
4.42,732.937384295264
4.44,730.335527968263
4.46,727.741512193245
4.48,725.155393670407
4.5,722.577226823669
4.52,720.007063850485
4.54,717.444954770741
4.56,714.890947474764
4.58,712.345087770431
4.6,709.807419429418
4.62,707.277984232584
4.64,704.756822014506
4.66,702.243970707181
4.68,699.739466382909
4.7,697.24334329636
4.72,694.755633925854
4.74,692.276369013842
4.76,689.805577606631
4.78,687.343287093338
4.8,684.889523244101
4.82,682.444310247551
4.84,680.007670747568
4.86,677.579625879314
4.88,675.160195304575
4.9,672.749397246412
4.92,670.347248523132
4.94,667.953764581598
4.96,665.568959529882
4.98,663.192846169275
5,660.825436025669
