# Version 1.0
# tree entry: B-Field (Ms)_Abs (X)

              0   1.0187271E+00
  9.9898366E-03   1.0211557E+00
  1.9979673E-02   1.0235338E+00
  2.9969510E-02   1.0259119E+00
  3.9959346E-02   1.0282900E+00
  4.9949183E-02   1.0306681E+00
  5.9939019E-02   1.0309628E+00
  6.9928856E-02   1.0311986E+00
  7.9918693E-02   1.0314345E+00
  8.9908529E-02   1.0316705E+00
  9.9898366E-02   1.0319064E+00
  1.0988820E-01   1.0301393E+00
  1.1987804E-01   1.0283628E+00
  1.2986788E-01   1.0265862E+00
  1.3985771E-01   1.0248097E+00
  1.4984755E-01   1.0229862E+00
  1.5983739E-01   1.0185829E+00
  1.6982722E-01   1.0141798E+00
  1.7981706E-01   1.0097766E+00
  1.8980689E-01   1.0053734E+00
  1.9979673E-01   1.0009703E+00
  2.0978657E-01   9.9656702E-01
  2.1977640E-01   9.9216384E-01
  2.2976624E-01   9.8776061E-01
  2.3975608E-01   9.8335744E-01
  2.4974591E-01   9.7712548E-01
  2.5973575E-01   9.7009553E-01
  2.6972559E-01   9.6306564E-01
  2.7971542E-01   9.5603575E-01
  2.8970526E-01   9.4900586E-01
  2.9969510E-01   9.4197591E-01
  3.0968493E-01   9.3494602E-01
  3.1967477E-01   9.2791613E-01
  3.2966461E-01   9.2088618E-01
  3.3965444E-01   9.1385629E-01
  3.4964428E-01   9.0553489E-01
  3.5963412E-01   8.9688542E-01
  3.6962395E-01   8.8823601E-01
  3.7961379E-01   8.7958660E-01
  3.8960363E-01   8.7093713E-01
  3.9959346E-01   8.6228773E-01
  4.0958330E-01   8.5363826E-01
  4.1957314E-01   8.4498885E-01
  4.2956297E-01   8.3633938E-01
  4.3955281E-01   8.2768998E-01
  4.4954265E-01   8.1845316E-01
  4.5953248E-01   8.0915013E-01
  4.6952232E-01   7.9984704E-01
  4.7951216E-01   7.9054401E-01
  4.8950199E-01   7.8124097E-01
  4.9949183E-01   7.7193788E-01
  5.0948166E-01   7.6263485E-01
  5.1947150E-01   7.5333176E-01
  5.2946134E-01   7.4402878E-01
  5.3945117E-01   7.3472569E-01
  5.4944101E-01   7.2549889E-01
  5.5943085E-01   7.1627221E-01
  5.6942068E-01   7.0704541E-01
  5.7941052E-01   6.9781873E-01
  5.8940036E-01   6.8859194E-01
  5.9939019E-01   6.7936520E-01
  6.0938003E-01   6.7013846E-01
  6.1936987E-01   6.6091172E-01
  6.2935970E-01   6.5168492E-01
  6.3934954E-01   6.4251439E-01
  6.4933938E-01   6.3384275E-01
  6.5932921E-01   6.2517110E-01
  6.6931905E-01   6.1649952E-01
  6.7930889E-01   6.0782782E-01
  6.8929872E-01   5.9915618E-01
  6.9928856E-01   5.9048460E-01
  7.0927840E-01   5.8181296E-01
  7.1926823E-01   5.7314132E-01
  7.2925807E-01   5.6446973E-01
  7.3924791E-01   5.5596314E-01
  7.4923774E-01   5.4810707E-01
  7.5922758E-01   5.4025094E-01
  7.6921742E-01   5.3239486E-01
  7.7920725E-01   5.2453879E-01
  7.8919709E-01   5.1668266E-01
  7.9918693E-01   5.0882659E-01
  8.0917676E-01   5.0097052E-01
  8.1916660E-01   4.9311442E-01
  8.2915644E-01   4.8525832E-01
  8.3914627E-01   4.7768096E-01
  8.4913611E-01   4.7074289E-01
  8.5912594E-01   4.6380482E-01
  8.6911578E-01   4.5686675E-01
  8.7910562E-01   4.4992868E-01
  8.8909545E-01   4.4299064E-01
  8.9908529E-01   4.3605254E-01
  9.0907513E-01   4.2911446E-01
  9.1906496E-01   4.2217642E-01
  9.2905480E-01   4.1523832E-01
  9.3904464E-01   4.0867210E-01
  9.4903447E-01   4.0265259E-01
  9.5902431E-01   3.9663303E-01
  9.6901415E-01   3.9061347E-01
  9.7900398E-01   3.8459393E-01
  9.8899382E-01   3.7857440E-01
  9.9898366E-01   3.7255484E-01
  1.0089735E+00   3.6653531E-01
  1.0189633E+00   3.6051577E-01
  1.0289532E+00   3.5449621E-01
  1.0389430E+00   3.4891060E-01
  1.0489328E+00   3.4374857E-01
  1.0589227E+00   3.3858651E-01
  1.0689125E+00   3.3342442E-01
  1.0789023E+00   3.2826236E-01
 1.088892185762   3.2310027E-01
  1.0988820E+00   3.1793820E-01
  1.1088719E+00   3.1277617E-01
  1.1188617E+00   3.0761411E-01
  1.1288515E+00   3.0245202E-01
  1.1388414E+00   2.9775747E-01
  1.1488312E+00   2.9336520E-01
  1.1588210E+00   2.8897300E-01
  1.1688109E+00   2.8458076E-01
  1.1788007E+00   2.8018849E-01
  1.1887906E+00   2.7579623E-01
  1.1987804E+00   2.7140396E-01
  1.2087702E+00   2.6701172E-01
  1.2187601E+00   2.6261952E-01
  1.2287499E+00   2.5822725E-01
  1.2387397E+00   2.5431099E-01
  1.2487296E+00   2.5059052E-01
  1.2587194E+00   2.4687005E-01
  1.2687092E+00   2.4314958E-01
  1.2786991E+00   2.3942916E-01
  1.2886889E+00   2.3570869E-01
  1.2986788E+00   2.3198822E-01
  1.3086686E+00   2.2826776E-01
  1.3186584E+00   2.2454730E-01
  1.3286483E+00   2.2082688E-01
  1.3386381E+00   2.1757281E-01
  1.3486279E+00   2.1442831E-01
  1.3586178E+00   2.1128382E-01
  1.3686076E+00   2.0813933E-01
  1.3785974E+00   2.0499483E-01
  1.3885873E+00   2.0185037E-01
  1.3985771E+00   1.9870588E-01
  1.4085670E+00   1.9556138E-01
  1.4185568E+00   1.9241689E-01
  1.4285466E+00   1.8927239E-01
  1.4385365E+00   1.8657312E-01
  1.4485263E+00   1.8391739E-01
  1.4585161E+00   1.8126160E-01
  1.4685060E+00   1.7860582E-01
  1.4784958E+00   1.7595005E-01
  1.4884856E+00   1.7329427E-01
  1.4984755E+00   1.7063853E-01
  1.5084653E+00   1.6798275E-01
  1.5184552E+00   1.6532698E-01
  1.5284450E+00   1.6267623E-01
  1.5384348E+00   1.6043123E-01
  1.5484247E+00   1.5818622E-01
  1.5584145E+00   1.5594124E-01
  1.5684043E+00   1.5369625E-01
  1.5783942E+00   1.5145124E-01
  1.5883840E+00   1.4920625E-01
  1.5983739E+00   1.4696124E-01
  1.6083637E+00   1.4471626E-01
  1.6183535E+00   1.4247126E-01
  1.6283434E+00   1.4026536E-01
  1.6383332E+00   1.3836498E-01
  1.6483230E+00   1.3646459E-01
  1.6583129E+00   1.3456422E-01
  1.6683027E+00   1.3266386E-01
  1.6782925E+00   1.3076347E-01
  1.6882824E+00   1.2886309E-01
  1.6982722E+00   1.2696270E-01
  1.7082621E+00   1.2506233E-01
  1.7182519E+00   1.2316194E-01
  1.7282417E+00   1.2132333E-01
  1.7382316E+00   1.1971056E-01
  1.7482214E+00   1.1809778E-01
  1.7582112E+00   1.1648501E-01
  1.7682011E+00   1.1487224E-01
  1.7781909E+00   1.1325949E-01
  1.7881807E+00   1.1164671E-01
  1.7981706E+00   1.1003394E-01
  1.8081604E+00   1.0842117E-01
  1.8181503E+00   1.0680839E-01
  1.8281401E+00   1.0527159E-01
  1.8381299E+00   1.0389927E-01
  1.8481198E+00   1.0252694E-01
  1.8581096E+00   1.0115461E-01
  1.8680994E+00   9.9782280E-02
  1.8780893E+00   9.8409950E-02
  1.8880791E+00   9.7037620E-02
  1.8980689E+00   9.5665305E-02
  1.9080588E+00   9.4292975E-02
  1.9180486E+00   9.2920645E-02
  1.9280385E+00   9.1632275E-02
  1.9380283E+00   9.0461215E-02
  1.9480181E+00   8.9290170E-02
  1.9580080E+00   8.8119110E-02
  1.9679978E+00   8.6948050E-02
  1.9779876E+00   8.5776990E-02
  1.9879775E+00   8.4605930E-02
  1.9979673E+00   8.3434870E-02
  2.0079571E+00   8.2263810E-02
  2.0179470E+00   8.1092765E-02
  2.0279368E+00   8.0008691E-02
  2.0379267E+00   7.9005455E-02
  2.0479165E+00   7.8002227E-02
  2.0579063E+00   7.6998969E-02
  2.0678962E+00   7.5995741E-02
  2.0778860E+00   7.4992490E-02
  2.0878758E+00   7.3989255E-02
 2.097865678991   7.2986026E-02
  2.1078555E+00   7.1982776E-02
  2.1178454E+00   7.0979540E-02
  2.1278352E+00   7.0063581E-02
  2.1378250E+00   6.9201243E-02
  2.1478149E+00   6.8338898E-02
  2.1578047E+00   6.7476538E-02
  2.1677945E+00   6.6614192E-02
  2.1777844E+00   6.5751832E-02
  2.1877742E+00   6.4889487E-02
  2.1977640E+00   6.4027127E-02
  2.2077539E+00   6.3164789E-02
  2.2177437E+00   6.2302444E-02
  2.2277336E+00   6.1525568E-02
  2.2377234E+00   6.0781818E-02
  2.2477132E+00   6.0038049E-02
  2.2577031E+00   5.9294298E-02
  2.2676929E+00   5.8550548E-02
  2.2776827E+00   5.7806779E-02
  2.2876726E+00   5.7063024E-02
  2.2976624E+00   5.6319255E-02
  2.3076522E+00   5.5575505E-02
  2.3176421E+00   5.4831754E-02
  2.3276319E+00   5.4169755E-02
  2.3376218E+00   5.3525470E-02
  2.3476116E+00   5.2881170E-02
  2.3576014E+00   5.2236884E-02
  2.3675913E+00   5.1592584E-02
  2.3775811E+00   5.0948299E-02
  2.3875709E+00   5.0304013E-02
  2.3975608E+00   4.9659713E-02
  2.4075506E+00   4.9015428E-02
  2.4175404E+00   4.8371128E-02
  2.4275303E+00   4.7804403E-02
  2.4375201E+00   4.7244123E-02
  2.4475100E+00   4.6683828E-02
  2.4574998E+00   4.6123545E-02
  2.4674896E+00   4.5563250E-02
  2.4774795E+00   4.5002966E-02
  2.4874693E+00   4.4442686E-02
  2.4974591E+00   4.3882391E-02
  2.5074490E+00   4.3322107E-02
  2.5174388E+00   4.2763560E-02
  2.5274287E+00   4.2274504E-02
  2.5374185E+00   4.1785440E-02
  2.5474083E+00   4.1296384E-02
  2.5573982E+00   4.0807328E-02
  2.5673880E+00   4.0318264E-02
  2.5773778E+00   3.9829208E-02
  2.5873677E+00   3.9340141E-02
  2.5973575E+00   3.8851088E-02
  2.6073473E+00   3.8362032E-02
  2.6173372E+00   3.7880538E-02
  2.6273270E+00   3.7451701E-02
  2.6373169E+00   3.7022857E-02
  2.6473067E+00   3.6594020E-02
  2.6572965E+00   3.6165183E-02
  2.6672864E+00   3.5736339E-02
  2.6772762E+00   3.5307502E-02
  2.6872660E+00   3.4878654E-02
  2.6972559E+00   3.4449818E-02
  2.7072457E+00   3.4020973E-02
  2.7172355E+00  0.033603744493
  2.7272254E+00   3.3226048E-02
  2.7372152E+00   3.2848345E-02
  2.7472051E+00   3.2470649E-02
  2.7571949E+00   3.2092945E-02
  2.7671847E+00   3.1715249E-02
  2.7771746E+00   3.1337557E-02
  2.7871644E+00   3.0959852E-02
  2.7971542E+00   3.0582158E-02
  2.8071441E+00   3.0204452E-02
  2.8171339E+00   2.9841078E-02
  2.8271237E+00   2.9507013E-02
  2.8371136E+00   2.9172938E-02
  2.8471034E+00   2.8838873E-02
  2.8570933E+00   2.8504798E-02
  2.8670831E+00   2.8170732E-02
  2.8770729E+00   2.7836658E-02
  2.8870628E+00   2.7502592E-02
  2.8970526E+00   2.7168527E-02
  2.9070424E+00   2.6834452E-02
  2.9170323E+00   2.6516279E-02
  2.9270221E+00   2.6219211E-02
  2.9370120E+00   2.5922151E-02
  2.9470018E+00   2.5625091E-02
  2.9569916E+00   2.5328025E-02
  2.9669815E+00   2.5030964E-02
  2.9769713E+00   2.4733897E-02
  2.9869611E+00   2.4436836E-02
  2.9969510E+00   2.4139776E-02
  3.0069408E+00   2.3842709E-02
  3.0169306E+00   2.3562360E-02
  3.0269205E+00   2.3296778E-02
  3.0369103E+00   2.3031206E-02
  3.0469002E+00   2.2765632E-02
  3.0568900E+00   2.2500052E-02
  3.0668798E+00   2.2234478E-02
  3.0768697E+00   2.1968899E-02
  3.0868595E+00   2.1703325E-02
  3.0968493E+00   2.1437745E-02
  3.1068392E+00   2.1172171E-02
  3.1168290E+00   2.0923694E-02
  3.1268188E+00   2.0685171E-02
  3.1368087E+00   2.0446654E-02
  3.1467985E+00   2.0208131E-02
  3.1567884E+00   1.9969613E-02
  3.1667782E+00   1.9731098E-02
  3.1767680E+00   1.9492575E-02
 3.186757864753   1.9254058E-02
  3.1967477E+00   1.9015535E-02
  3.2067375E+00   1.8777018E-02
  3.2167274E+00   1.8555311E-02
  3.2267172E+00   1.8339719E-02
  3.2367070E+00   1.8124131E-02
  3.2466969E+00   1.7908537E-02
  3.2566867E+00   1.7692949E-02
  3.2666766E+00   1.7477357E-02
  3.2766664E+00   1.7261769E-02
  3.2866562E+00   1.7046181E-02
  3.2966461E+00   1.6830589E-02
  3.3066359E+00   1.6615001E-02
  3.3166257E+00   1.6415439E-02
  3.3266156E+00   1.6219064E-02
  3.3366054E+00   1.6022689E-02
  3.3465952E+00   1.5826310E-02
  3.3565851E+00   1.5629935E-02
  3.3665749E+00   1.5433555E-02
  3.3765648E+00   1.5237180E-02
  3.3865546E+00   1.5040806E-02
  3.3965444E+00   1.4844427E-02
  3.4065343E+00   1.4648052E-02
  3.4165241E+00   1.4467078E-02
  3.4265139E+00   1.4287168E-02
  3.4365038E+00   1.4107254E-02
  3.4464936E+00   1.3927344E-02
  3.4564835E+00   1.3747434E-02
  3.4664733E+00   1.3567520E-02
  3.4764631E+00   1.3387611E-02
  3.4864530E+00   1.3207696E-02
  3.4964428E+00   1.3027787E-02
  3.5064326E+00   1.2848387E-02
  3.5164225E+00   1.2682317E-02
  3.5264123E+00   1.2516250E-02
  3.5364021E+00   1.2350180E-02
  3.5463920E+00   1.2184113E-02
  3.5563818E+00   1.2018047E-02
  3.5663717E+00   1.1851976E-02
  3.5763615E+00   1.1685910E-02
  3.5863513E+00   1.1519840E-02
  3.5963412E+00   1.1353773E-02
  3.6063310E+00   1.1189256E-02
  3.6163208E+00   1.1034437E-02
  3.6263107E+00   1.0879618E-02
  3.6363005E+00   1.0724795E-02
  3.6462903E+00   1.0569976E-02
  3.6562802E+00   1.0415153E-02
  3.6662700E+00   1.0260334E-02
  3.6762599E+00   1.0105516E-02
  3.6862497E+00   9.9506925E-03
  3.6962395E+00   9.7958732E-03
  3.7062294E+00   9.6432415E-03
  3.7162192E+00   9.4975752E-03
  3.7262090E+00   9.3519099E-03
  3.7361989E+00   9.2062408E-03
  3.7461887E+00   9.0605754E-03
  3.7561785E+00   8.9149063E-03
  3.7661684E+00   8.7692400E-03
  3.7761582E+00   8.6235709E-03
  3.7861481E+00   8.4779055E-03
  3.7961379E+00   8.3322402E-03
  3.8061277E+00   8.1890093E-03
  3.8161176E+00   8.0505048E-03
  3.8261074E+00   7.9119967E-03
  3.8360972E+00   7.7734923E-03
  3.8460871E+00   7.6349874E-03
  3.8560769E+00   7.4964797E-03
  3.8660668E+00   7.3579748E-03
  3.8760566E+00   7.2194671E-03
  3.8860464E+00   7.0809622E-03
  3.8960363E+00   6.9424574E-03
  3.9060261E+00   6.8063450E-03
  3.9160159E+00   6.6732623E-03
  3.9260058E+00   6.5401763E-03
  3.9359956E+00   6.4070941E-03
  3.9459854E+00   6.2740081E-03
  3.9559753E+00   6.1409259E-03
  3.9659651E+00   6.0078431E-03
  3.9759550E+00   5.8747576E-03
  3.9859448E+00   5.7416749E-03
  3.9959346E+00   5.6085894E-03
  4.0059245E+00               0
  4.0159143E+00               0
  4.0259041E+00               0
  4.0358940E+00               0
  4.0458838E+00               0
  4.0558736E+00               0
  4.0658635E+00               0
  4.0758533E+00               0
  4.0858432E+00               0
  4.0958330E+00               0
  4.1058228E+00               0
  4.1158127E+00               0
  4.1258025E+00               0
  4.1357923E+00               0
  4.1457822E+00               0
  4.1557720E+00               0
  4.1657618E+00               0
  4.1757517E+00               0
  4.1857415E+00               0
 4.195731357982               0
  4.2057212E+00               0
  4.2157110E+00               0
  4.2257009E+00               0
  4.2356907E+00               0
  4.2456805E+00               0
  4.2556704E+00               0
  4.2656602E+00               0
  4.2756501E+00               0
  4.2856399E+00               0
  4.2956297E+00               0
  4.3056196E+00               0
  4.3156094E+00               0
  4.3255992E+00               0
  4.3355891E+00               0
  4.3455789E+00               0
  4.3555687E+00               0
  4.3655586E+00               0
  4.3755484E+00               0
  4.3855383E+00               0
  4.3955281E+00               0
  4.4055179E+00               0
  4.4155078E+00               0
  4.4254976E+00               0
  4.4354874E+00               0
  4.4454773E+00               0
